----------------------------oping (cycle)
's': Emergency Stop and reset
cted single cycle time: 0m 8s 100ms
Available commands:
'l': Start continuous looping (cycle)
's': Emergency Stop and reset
-------------------------------------
4D Phantom Controller Initializing...
Expected single cycle time: 0m 8s 100ms
Available commands:
'l': Start continuous looping (cycle)
's': Emergency Stop and reset
Starting 4-axis synchronized cycle loop...
Time(ms), M1(SI) Target Steps, M2(Lat) Target Steps, M3(AP) Target Steps, M4(Chest) Target Steps, M3 Encoder Steps
4995, 0, 0, 0, 0, 0
5095, -5, 31, -1, 10, -2
5196, -10, 62, -1, 20, -4
5297, -15, 93, -2, 35, -7
5398, -20, 124, -3, 50, -9
5499, -25, 155, -3, 70, -12
5600, -30, 186, -4, 90, -16
5701, -35, 217, -4, 110, -19
5803, -40, 248, -5, 130, -23
5904, -44, 258, -16, 155, -28
6005, -48, 268, -28, 180, -32
6106, -52, 278, -39, 210, -37
6207, -56, 288, -50, 240, -42
6308, -60, 298, -61, 270, -48
6409, -64, 308, -73, 300, -53
6510, -68, 318, -84, 320, -59
6611, -72, 328, -95, 340, -64
6712, -51, 327, -102, 365, -68
6813, -30, 326, -109, 390, -73
6914, -9, 325, -116, 420, -78
7015, 12, 324, -123, 450, -84
7116, 33, 323, -129, 485, -89
7217, 54, 322, -136, 520, -96
7318, 75, 321, -143, 565, -102
7419, 96, 320, -150, 610, -110
7520, 85, 321, -189, 635, -117
7621, 74, 322, -229, 660, -123
7723, 63, 323, -268, 680, -129
7824, 52, 324, -308, 700, -135
7925, 41, 325, -347, 715, -139
8026, 30, 326, -386, 730, -143
8127, 19, 327, -426, 740, -147
8228, 8, 328, -465, 750, -149
8329, 10, 341, -459, 770, -152
8430, 12, 354, -453, 790, -156
8531, 14, 367, -446, 800, -159
8632, 16, 380, -440, 810, -162
8733, 18, 393, -434, 815, -163
8834, 20, 406, -428, 820, -164
8935, 22, 419, -421, 825, -165
9036, 24, 432, -415, 830, -166
9137, 20, 430, -351, 840, -168
9238, 16, 428, -288, 850, -170
9339, 12, 426, -224, 855, -171
9440, 8, 424, -160, 860, -172
9541, 4, 422, -96, 865, -173
9643, 0, 420, -33, 870, -174
9744, -4, 418, 31, 880, -176
9845, -8, 416, 95, 890, -178
9945, -8, 416, 95, 890, -178
10046, -8, 416, 95, 890, -178
10147, 3, 411, 53, 875, -176
10248, 14, 406, 10, 860, -173
10349, 25, 401, -33, 840, -170
10450, 36, 396, -75, 820, -166
10551, 47, 391, -118, 795, -162
10652, 58, 386, -160, 770, -158
10753, 69, 381, -203, 735, -153
10854, 80, 376, -245, 700, -147
10955, 82, 377, -239, 650, -141
11056, 84, 378, -234, 600, -133
11157, 86, 379, -228, 555, -125
11258, 88, 380, -223, 510, -117
11359, 90, 381, -217, 450, -109
11460, 92, 382, -211, 390, -99
11561, 94, 383, -206, 360, -90
11663, 96, 384, -200, 330, -81
11764, 79, 346, -177, 300, -73
11865, 62, 308, -154, 270, -66
11967, 45, 270, -131, 240, -59
12069, 28, 232, -108, 210, -52
12170, 11, 194, -84, 180, -45
12271, -6, 156, -61, 150, -39
12372, -23, 118, -38, 125, -32
12474, -40, 80, -15, 100, -27
12575, -35, 70, -13, 80, -21
12676, -30, 60, -11, 60, -16
12777, -25, 50, -9, 45, -12
12878, -20, 40, -8, 30, -8
12979, -15, 30, -6, 20, -5
13080, -10, 20, -4, 10, -2
13181, 0, 0, 0, 0, 0
13282, -5, 31, -1, 10, 0
13383, -10, 62, -1, 20, -3
13484, -15, 93, -2, 35, -6
13585, -20, 124, -3, 50, -9
13686, -25, 155, -3, 70, -12
13787, -30, 186, -4, 90, -16
13888, -35, 217, -4, 110, -20
13989, -40, 248, -5, 130, -23
14090, -44, 258, -16, 155, -28
14191, -48, 268, -28, 180, -32
14292, -52, 278, -39, 210, -37
14394, -56, 288, -50, 240, -42
14495, -60, 298, -61, 270, -47
14596, -64, 308, -73, 300, -53
14697, -68, 318, -84, 320, -59
14798, -72, 328, -95, 340, -64
14899, -51, 327, -102, 365, -68
15000, -30, 326, -109, 390, -73
15101, -9, 325, -116, 420, -78
15202, 12, 324, -123, 450, -84
15303, 33, 323, -129, 485, -90
15404, 54, 322, -136, 520, -96
15505, 75, 321, -143, 565, -102
15606, 96, 320, -150, 610, -110
15707, 85, 321, -189, 635, -117
15808, 74, 322, -229, 660, -123
15909, 63, 323, -268, 680, -129
16010, 52, 324, -308, 700, -135
16111, 41, 325, -347, 715, -139
16212, 30, 326, -386, 730, -143
16314, 19, 327, -426, 740, -147
16415, 8, 328, -465, 750, -149
16516, 10, 341, -459, 770, -152
16617, 12, 354, -453, 790, -156
16718, 14, 367, -446, 800, -159
16819, 16, 380, -440, 810, -161
16920, 18, 393, -434, 815, -163
17021, 20, 406, -428, 820, -164
17122, 22, 419, -421, 825, -165
17223, 24, 432, -415, 830, -166
17324, 20, 430, -351, 840, -168
17425, 16, 428, -288, 850, -170
17526, 12, 426, -224, 855, -171
17627, 8, 424, -160, 860, -172
17728, 4, 422, -96, 865, -173
17829, 0, 420, -33, 870, -174
17930, -4, 418, 31, 880, -176
18031, -8, 416, 95, 890, -178
18132, -8, 416, 95, 890, -178
18234, -8, 416, 95, 890, -178
18335, 3, 411, 53, 875, -176
18436, 14, 406, 10, 860, -173
18537, 25, 401, -33, 840, -170
18638, 36, 396, -75, 820, -166
18739, 47, 391, -118, 795, -162
18840, 58, 386, -160, 770, -158
18941, 69, 381, -203, 735, -153
19042, 80, 376, -245, 700, -147
19143, 82, 377, -239, 650, -141
19244, 84, 378, -234, 600, -134
19345, 86, 379, -228, 555, -126
19446, 88, 380, -223, 510, -118
19547, 90, 381, -217, 450, -109
19648, 92, 382, -211, 390, -99
19749, 94, 383, -206, 360, -90
19850, 96, 384, -200, 330, -82
19951, 79, 346, -177, 300, -74
20052, 62, 308, -154, 270, -66
20154, 45, 270, -131, 240, -59
20255, 28, 232, -108, 210, -52
20356, 11, 194, -84, 180, -45
20457, -6, 156, -61, 150, -39
20558, -23, 118, -38, 125, -32
20659, -40, 80, -15, 100, -27
20760, -35, 70, -13, 80, -21
20861, -30, 60, -11, 60, -16
20962, -25, 50, -9, 45, -12
21063, -20, 40, -8, 30, -8
21164, -15, 30, -6, 20, -5
21265, -10, 20, -4, 10, -2
21366, 0, 0, 0, 0, 0
21467, -5, 31, -1, 10, -1
21568, -10, 62, -1, 20, -3
21669, -15, 93, -2, 35, -6
21770, -20, 124, -3, 50, -9
21871, -25, 155, -3, 70, -12
21972, -30, 186, -4, 90, -16
22074, -35, 217, -4, 110, -20
22175, -40, 248, -5, 130, -23
22276, -44, 258, -16, 155, -28
22377, -48, 268, -28, 180, -32
22478, -52, 278, -39, 210, -37
22579, -56, 288, -50, 240, -42
22680, -60, 298, -61, 270, -48
22781, -64, 308, -73, 300, -53
22882, -68, 318, -84, 320, -59
22983, -72, 328, -95, 340, -64
23084, -51, 327, -102, 365, -68
23185, -30, 326, -109, 390, -73
23286, -9, 325, -116, 420, -78
23387, 12, 324, -123, 450, -84
23488, 33, 323, -129, 485, -90
23589, 54, 322, -136, 520, -96
23690, 75, 321, -143, 565, -102
23791, 96, 320, -150, 610, -110
23892, 85, 321, -189, 635, -117
23994, 74, 322, -229, 660, -123
24095, 63, 323, -268, 680, -129
24197, 52, 324, -308, 700, -135
24298, 41, 325, -347, 715, -139
24399, 30, 326, -386, 730, -143
24500, 19, 327, -426, 740, -147
24601, 8, 328, -465, 750, -149
24702, 10, 341, -459, 770, -152
24804, 12, 354, -453, 790, -156
24906, 14, 367, -446, 800, -159
25007, 16, 380, -440, 810, -161
25108, 18, 393, -434, 815, -163
25209, 20, 406, -428, 820, -164
25310, 22, 419, -421, 825, -165
25411, 24, 432, -415, 830, -166
25512, 20, 430, -351, 840, -168
25613, 16, 428, -288, 850, -170
25714, 12, 426, -224, 855, -171
25815, 8, 424, -160, 860, -172
25916, 4, 422, -96, 865, -173
26017, 0, 420, -33, 870, -174
26118, -4, 418, 31, 880, -176
26219, -8, 416, 95, 890, -178
26320, -8, 416, 95, 890, -178
26421, -8, 416, 95, 890, -178
26522, 3, 411, 53, 875, -176
26624, 14, 406, 10, 860, -173
26725, 25, 401, -33, 840, -170
26826, 36, 396, -75, 820, -166
26927, 47, 391, -118, 795, -162
27028, 58, 386, -160, 770, -158
27129, 69, 381, -203, 735, -153
27230, 80, 376, -245, 700, -147
27331, 82, 377, -239, 650, -141
27432, 84, 378, -234, 600, -133
27533, 86, 379, -228, 555, -126
27634, 88, 380, -223, 510, -117
27735, 90, 381, -217, 450, -109
27836, 92, 382, -211, 390, -99
27937, 94, 383, -206, 360, -90
28038, 96, 384, -200, 330, -81
28139, 79, 346, -177, 300, -73
28240, 62, 308, -154, 270, -66
28341, 45, 270, -131, 240, -59
28442, 28, 232, -108, 210, -52
28544, 11, 194, -84, 180, -45
28645, -6, 156, -61, 150, -39
28746, -23, 118, -38, 125, -32
28847, -40, 80, -15, 100, -27
28948, -35, 70, -13, 80, -21
29049, -30, 60, -11, 60, -16
29150, -25, 50, -9, 45, -12
29251, -20, 40, -8, 30, -8
29352, -15, 30, -6, 20, -5
29453, -10, 20, -4, 10, -2
29554, 0, 0, 0, 0, 0
29655, -5, 31, -1, 10, -1
29756, -10, 62, -1, 20, -3
29857, -15, 93, -2, 35, -6
29958, -20, 124, -3, 50, -9
30059, -25, 155, -3, 70, -12
30160, -30, 186, -4, 90, -16
30261, -35, 217, -4, 110, -20
30362, -40, 248, -5, 130, -23
30464, -44, 258, -16, 155, -28
30565, -48, 268, -28, 180, -32
30666, -52, 278, -39, 210, -37
30767, -56, 288, -50, 240, -42
30868, -60, 298, -61, 270, -48
30969, -64, 308, -73, 300, -53
31070, -68, 318, -84, 320, -59
31171, -72, 328, -95, 340, -64
31272, -51, 327, -102, 365, -68
31373, -30, 326, -109, 390, -73
31474, -9, 325, -116, 420, -78
31575, 12, 324, -123, 450, -84
31676, 33, 323, -129, 485, -90
31777, 54, 322, -136, 520, -96
31878, 75, 321, -143, 565, -102
31979, 96, 320, -150, 610, -110
32080, 85, 321, -189, 635, -117
32181, 74, 322, -229, 660, -123
32282, 63, 323, -268, 680, -129
32384, 52, 324, -308, 700, -135
32485, 41, 325, -347, 715, -139
32586, 30, 326, -386, 730, -143
32687, 19, 327, -426, 740, -147
32788, 8, 328, -465, 750, -149
32889, 10, 341, -459, 770, -152
32990, 12, 354, -453, 790, -156
33091, 14, 367, -446, 800, -159
33192, 16, 380, -440, 810, -161
33293, 18, 393, -434, 815, -163
33394, 20, 406, -428, 820, -164
33495, 22, 419, -421, 825, -165
33596, 24, 432, -415, 830, -166
33697, 20, 430, -351, 840, -168
33798, 16, 428, -288, 850, -170
33899, 12, 426, -224, 855, -171
34000, 8, 424, -160, 860, -172
34101, 4, 422, -96, 865, -173
34202, 0, 420, -33, 870, -174
34304, -4, 418, 31, 880, -176
34405, -8, 416, 95, 890, -178
34506, -8, 416, 95, 890, -178
34607, -8, 416, 95, 890, -178
34708, 3, 411, 53, 875, -176
34809, 14, 406, 10, 860, -173
34910, 25, 401, -33, 840, -170
35011, 36, 396, -75, 820, -166
35112, 47, 391, -118, 795, -162
35213, 58, 386, -160, 770, -158
35314, 69, 381, -203, 735, -153
35415, 80, 376, -245, 700, -147
35516, 82, 377, -239, 650, -141
35617, 84, 378, -234, 600, -134
35718, 86, 379, -228, 555, -126
35819, 88, 380, -223, 510, -117
35920, 90, 381, -217, 450, -109
36021, 92, 382, -211, 390, -99
36122, 94, 383, -206, 360, -90
36224, 96, 384, -200, 330, -81
36325, 79, 346, -177, 300, -73
36426, 62, 308, -154, 270, -66
36527, 45, 270, -131, 240, -59
36628, 28, 232, -108, 210, -52
36729, 11, 194, -84, 180, -45
36830, -6, 156, -61, 150, -39
36931, -23, 118, -38, 125, -33
37032, -40, 80, -15, 100, -27
37135, -35, 70, -13, 80, -21
37236, -30, 60, -11, 60, -16
37337, -25, 50, -9, 45, -12
37438, -20, 40, -8, 30, -8
37539, -15, 30, -6, 20, -5
37640, -10, 20, -4, 10, -3
37741, 0, 0, 0, 0, 0
37842, -5, 31, -1, 10, 0
37943, -10, 62, -1, 20, -3
38044, -15, 93, -2, 35, -6
38145, -20, 124, -3, 50, -9
38246, -25, 155, -3, 70, -12
38347, -30, 186, -4, 90, -16
38448, -35, 217, -4, 110, -20
38549, -40, 248, -5, 130, -23
38650, -44, 258, -16, 155, -28
38751, -48, 268, -28, 180, -32
38852, -52, 278, -39, 210, -37
38953, -56, 288, -50, 240, -42
39055, -60, 298, -61, 270, -47
39156, -64, 308, -73, 300, -53
39257, -68, 318, -84, 320, -59
39358, -72, 328, -95, 340, -63
39459, -51, 327, -102, 365, -68
39560, -30, 326, -109, 390, -73
39661, -9, 325, -116, 420, -78
39762, 12, 324, -123, 450, -84
39863, 33, 323, -129, 485, -89
39964, 54, 322, -136, 520, -96
40065, 75, 321, -143, 565, -102
40166, 96, 320, -150, 610, -109
40267, 85, 321, -189, 635, -117
40368, 74, 322, -229, 660, -123
40469, 63, 323, -268, 680, -129
40570, 52, 324, -308, 700, -135
40671, 41, 325, -347, 715, -139
40772, 30, 326, -386, 730, -143
40873, 19, 327, -426, 740, -147
40975, 8, 328, -465, 750, -149
41076, 10, 341, -459, 770, -152
41177, 12, 354, -453, 790, -156
41278, 14, 367, -446, 800, -159
41379, 16, 380, -440, 810, -162
41480, 18, 393, -434, 815, -163
41581, 20, 406, -428, 820, -164
41682, 22, 419, -421, 825, -165
41783, 24, 432, -415, 830, -166
41884, 20, 430, -351, 840, -168
41985, 16, 428, -288, 850, -170
42086, 12, 426, -224, 855, -171
42187, 8, 424, -160, 860, -172
42288, 4, 422, -96, 865, -173
42389, 0, 420, -33, 870, -174
42490, -4, 418, 31, 880, -176
42591, -8, 416, 95, 890, -178
42692, -8, 416, 95, 890, -178
42793, -8, 416, 95, 890, -178
42895, 3, 411, 53, 875, -176
42996, 14, 406, 10, 860, -173
43097, 25, 401, -33, 840, -170
43198, 36, 396, -75, 820, -166
43299, 47, 391, -118, 795, -162
43400, 58, 386, -160, 770, -158
43501, 69, 381, -203, 735, -153
43602, 80, 376, -245, 700, -147
43703, 82, 377, -239, 650, -141
43804, 84, 378, -234, 600, -133
43905, 86, 379, -228, 555, -126
44006, 88, 380, -223, 510, -117
44107, 90, 381, -217, 450, -109
44208, 92, 382, -211, 390, -99
44309, 94, 383, -206, 360, -90
44410, 96, 384, -200, 330, -81
44511, 79, 346, -177, 300, -74
44612, 62, 308, -154, 270, -66
44715, 45, 270, -131, 240, -59
44816, 28, 232, -108, 210, -52
44917, 11, 194, -84, 180, -45
45018, -6, 156, -61, 150, -39
45119, -23, 118, -38, 125, -33
45220, -40, 80, -15, 100, -27
45321, -35, 70, -13, 80, -21
45422, -30, 60, -11, 60, -16
45523, -25, 50, -9, 45, -12
45624, -20, 40, -8, 30, -8
45725, -15, 30, -6, 20, -5
45826, -10, 20, -4, 10, -3
45927, 0, 0, 0, 0, 0
46028, -5, 31, -1, 10, 0
46129, -10, 62, -1, 20, -3
46230, -15, 93, -2, 35, -6
46331, -20, 124, -3, 50, -9
46432, -25, 155, -3, 70, -12
46533, -30, 186, -4, 90, -16
46635, -35, 217, -4, 110, -20
46736, -40, 248, -5, 130, -23
46837, -44, 258, -16, 155, -28
46938, -48, 268, -28, 180, -32
47039, -52, 278, -39, 210, -37
47140, -56, 288, -50, 240, -42
47241, -60, 298, -61, 270, -47
47342, -64, 308, -73, 300, -53
47443, -68, 318, -84, 320, -59
47544, -72, 328, -95, 340, -63
47645, -51, 327, -102, 365, -68
47746, -30, 326, -109, 390, -73
47847, -9, 325, -116, 420, -78
47948, 12, 324, -123, 450, -84
48049, 33, 323, -129, 485, -89
48150, 54, 322, -136, 520, -96
48251, 75, 321, -143, 565, -102
48352, 96, 320, -150, 610, -109
48453, 85, 321, -189, 635, -117
48555, 74, 322, -229, 660, -123
48656, 63, 323, -268, 680, -129
48757, 52, 324, -308, 700, -135
48858, 41, 325, -347, 715, -139
48959, 30, 326, -386, 730, -143
49061, 19, 327, -426, 740, -147
49162, 8, 328, -465, 750, -149
49263, 10, 341, -459, 770, -152
49364, 12, 354, -453, 790, -156
49466, 14, 367, -446, 800, -159
49567, 16, 380, -440, 810, -161
49668, 18, 393, -434, 815, -163
49769, 20, 406, -428, 820, -164
49870, 22, 419, -421, 825, -165
49971, 24, 432, -415, 830, -166
50072, 20, 430, -351, 840, -168
50173, 16, 428, -288, 850, -170
50274, 12, 426, -224, 855, -171
50375, 8, 424, -160, 860, -172
50476, 4, 422, -96, 865, -173
50577, 0, 420, -33, 870, -174
50678, -4, 418, 31, 880, -176
50779, -8, 416, 95, 890, -178
50880, -8, 416, 95, 890, -178
50981, -8, 416, 95, 890, -178
51082, 3, 411, 53, 875, -176
51183, 14, 406, 10, 860, -173
51284, 25, 401, -33, 840, -170
51386, 36, 396, -75, 820, -166
51487, 47, 391, -118, 795, -162
51588, 58, 386, -160, 770, -158
51689, 69, 381, -203, 735, -153
51790, 80, 376, -245, 700, -147
51891, 82, 377, -239, 650, -141
51992, 84, 378, -234, 600, -133
52093, 86, 379, -228, 555, -125
52194, 88, 380, -223, 510, -117
52295, 90, 381, -217, 450, -109
52396, 92, 382, -211, 390, -99
52497, 94, 383, -206, 360, -90
52598, 96, 384, -200, 330, -81
52699, 79, 346, -177, 300, -74
52800, 62, 308, -154, 270, -66
52901, 45, 270, -131, 240, -59
53002, 28, 232, -108, 210, -52
53103, 11, 194, -84, 180, -45
53204, -6, 156, -61, 150, -39
53306, -23, 118, -38, 125, -32
53407, -40, 80, -15, 100, -27
53508, -35, 70, -13, 80, -21
53609, -30, 60, -11, 60, -16
53710, -25, 50, -9, 45, -12
53811, -20, 40, -8, 30, -8
53912, -15, 30, -6, 20, -5
54013, -10, 20, -4, 10, -2
54114, 0, 0, 0, 0, 0
54215, -5, 31, -1, 10, 0
54316, -10, 62, -1, 20, -3
54417, -15, 93, -2, 35, -6
54518, -20, 124, -3, 50, -9
54619, -25, 155, -3, 70, -12
54720, -30, 186, -4, 90, -16
54821, -35, 217, -4, 110, -20
54922, -40, 248, -5, 130, -23
55023, -44, 258, -16, 155, -27
55124, -48, 268, -28, 180, -32
55226, -52, 278, -39, 210, -37
55327, -56, 288, -50, 240, -42
55428, -60, 298, -61, 270, -47
55529, -64, 308, -73, 300, -53
55630, -68, 318, -84, 320, -59
55731, -72, 328, -95, 340, -63
55832, -51, 327, -102, 365, -68
55933, -30, 326, -109, 390, -73
56034, -9, 325, -116, 420, -78
56135, 12, 324, -123, 450, -84
56236, 33, 323, -129, 485, -89
56337, 54, 322, -136, 520, -96
56438, 75, 321, -143, 565, -102
56539, 96, 320, -150, 610, -109
56640, 85, 321, -189, 635, -117
56741, 74, 322, -229, 660, -123
56842, 63, 323, -268, 680, -129
56943, 52, 324, -308, 700, -135
57044, 41, 325, -347, 715, -139
57146, 30, 326, -386, 730, -143
57247, 19, 327, -426, 740, -147
57348, 8, 328, -465, 750, -149
57449, 10, 341, -459, 770, -152
57550, 12, 354, -453, 790, -156
57651, 14, 367, -446, 800, -159
57752, 16, 380, -440, 810, -161
57853, 18, 393, -434, 815, -163
57954, 20, 406, -428, 820, -164
58055, 22, 419, -421, 825, -165
58156, 24, 432, -415, 830, -166
58257, 20, 430, -351, 840, -168
58358, 16, 428, -288, 850, -170
58459, 12, 426, -224, 855, -171
58560, 8, 424, -160, 860, -172
58661, 4, 422, -96, 865, -173
58762, 0, 420, -33, 870, -174
58863, -4, 418, 31, 880, -176
58964, -8, 416, 95, 890, -178
59066, -8, 416, 95, 890, -178
59167, -8, 416, 95, 890, -178
59268, 3, 411, 53, 875, -176
59369, 14, 406, 10, 860, -173
59470, 25, 401, -33, 840, -170
59571, 36, 396, -75, 820, -166
59672, 47, 391, -118, 795, -162
59773, 58, 386, -160, 770, -158
59874, 69, 381, -203, 735, -153
59975, 80, 376, -245, 700, -147
60076, 82, 377, -239, 650, -141
60177, 84, 378, -234, 600, -134
60278, 86, 379, -228, 555, -125
60379, 88, 380, -223, 510, -117
60480, 90, 381, -217, 450, -109
60581, 92, 382, -211, 390, -99
60682, 94, 383, -206, 360, -90
60783, 96, 384, -200, 330, -81
60884, 79, 346, -177, 300, -73
60986, 62, 308, -154, 270, -66
61087, 45, 270, -131, 240, -59
61188, 28, 232, -108, 210, -52
61289, 11, 194, -84, 180, -45
61390, -6, 156, -61, 150, -39
61491, -23, 118, -38, 125, -33
61592, -40, 80, -15, 100, -27
61693, -35, 70, -13, 80, -21
61794, -30, 60, -11, 60, -16
61895, -25, 50, -9, 45, -12
61996, -20, 40, -8, 30, -8
62097, -15, 30, -6, 20, -5
62198, -10, 20, -4, 10, -2
62299, 0, 0, 0, 0, 0
62400, -5, 31, -1, 10, -1
62501, -10, 62, -1, 20, -3
62602, -15, 93, -2, 35, -6
62703, -20, 124, -3, 50, -9
62804, -25, 155, -3, 70, -12
62906, -30, 186, -4, 90, -16
63007, -35, 217, -4, 110, -20
63108, -40, 248, -5, 130, -23
63209, -44, 258, -16, 155, -28
63310, -48, 268, -28, 180, -32
63411, -52, 278, -39, 210, -37
63512, -56, 288, -50, 240, -42
63613, -60, 298, -61, 270, -48
63714, -64, 308, -73, 300, -53
63815, -68, 318, -84, 320, -59
63916, -72, 328, -95, 340, -64
64017, -51, 327, -102, 365, -68
64118, -30, 326, -109, 390, -73
64219, -9, 325, -116, 420, -78
64320, 12, 324, -123, 450, -84
64421, 33, 323, -129, 485, -90
64522, 54, 322, -136, 520, -96
64623, 75, 321, -143, 565, -102
64724, 96, 320, -150, 610, -110
64826, 85, 321, -189, 635, -117
64927, 74, 322, -229, 660, -123
65028, 63, 323, -268, 680, -129
65129, 52, 324, -308, 700, -135
65230, 41, 325, -347, 715, -139
65331, 30, 326, -386, 730, -143
65432, 19, 327, -426, 740, -147
65533, 8, 328, -465, 750, -149
65634, 10, 341, -459, 770, -152
65736, 12, 354, -453, 790, -156
65837, 14, 367, -446, 800, -159
65938, 16, 380, -440, 810, -161
66039, 18, 393, -434, 815, -163
66140, 20, 406, -428, 820, -164
66241, 22, 419, -421, 825, -165
66342, 24, 432, -415, 830, -166
66443, 20, 430, -351, 840, -168
66544, 16, 428, -288, 850, -170
66646, 12, 426, -224, 855, -171
66747, 8, 424, -160, 860, -172
66848, 4, 422, -96, 865, -173
66949, 0, 420, -33, 870, -174
67050, -4, 418, 31, 880, -176
67151, -8, 416, 95, 890, -178
67252, -8, 416, 95, 890, -178
67353, -8, 416, 95, 890, -178
67454, 3, 411, 53, 875, -176
67556, 14, 406, 10, 860, -173
67657, 25, 401, -33, 840, -170
67758, 36, 396, -75, 820, -166
67859, 47, 391, -118, 795, -162
67960, 58, 386, -160, 770, -158
68061, 69, 381, -203, 735, -153
68162, 80, 376, -245, 700, -147
68263, 82, 377, -239, 650, -141
68364, 84, 378, -234, 600, -134
68465, 86, 379, -228, 555, -125
68566, 88, 380, -223, 510, -117
68667, 90, 381, -217, 450, -109
68768, 92, 382, -211, 390, -99
68869, 94, 383, -206, 360, -90
68970, 96, 384, -200, 330, -81
69071, 79, 346, -177, 300, -73
69172, 62, 308, -154, 270, -66
69274, 45, 270, -131, 240, -59
69376, 28, 232, -108, 210, -52
69477, 11, 194, -84, 180, -45
69578, -6, 156, -61, 150, -39
69680, -23, 118, -38, 125, -32
69781, -40, 80, -15, 100, -27
69882, -35, 70, -13, 80, -21
69983, -30, 60, -11, 60, -16
70084, -25, 50, -9, 45, -12
70185, -20, 40, -8, 30, -8
70287, -15, 30, -6, 20, -5
70388, -10, 20, -4, 10, -2
70489, 0, 0, 0, 0, 0
70590, -5, 31, -1, 10, -1
70691, -10, 62, -1, 20, -3
70792, -15, 93, -2, 35, -6
70893, -20, 124, -3, 50, -9
70994, -25, 155, -3, 70, -12
71095, -30, 186, -4, 90, -16
71196, -35, 217, -4, 110, -20
71297, -40, 248, -5, 130, -23
71398, -44, 258, -16, 155, -28
71499, -48, 268, -28, 180, -32
71600, -52, 278, -39, 210, -37
71701, -56, 288, -50, 240, -42
71802, -60, 298, -61, 270, -48
71903, -64, 308, -73, 300, -53
72004, -68, 318, -84, 320, -59
72105, -72, 328, -95, 340, -64
72207, -51, 327, -102, 365, -68
72308, -30, 326, -109, 390, -73
72409, -9, 325, -116, 420, -78
72510, 12, 324, -123, 450, -84
72611, 33, 323, -129, 485, -90
72712, 54, 322, -136, 520, -96
72813, 75, 321, -143, 565, -102
72914, 96, 320, -150, 610, -110
73015, 85, 321, -189, 635, -117
73116, 74, 322, -229, 660, -123
73217, 63, 323, -268, 680, -129
73318, 52, 324, -308, 700, -135
73419, 41, 325, -347, 715, -139
73520, 30, 326, -386, 730, -143
73621, 19, 327, -426, 740, -147
73722, 8, 328, -465, 750, -149
73823, 10, 341, -459, 770, -152
73925, 12, 354, -453, 790, -156
74027, 14, 367, -446, 800, -159
74128, 16, 380, -440, 810, -162
74229, 18, 393, -434, 815, -163
74330, 20, 406, -428, 820, -164
74431, 22, 419, -421, 825, -165
74532, 24, 432, -415, 830, -166
74633, 20, 430, -351, 840, -168
74734, 16, 428, -288, 850, -170
74835, 12, 426, -224, 855, -171
74936, 8, 424, -160, 860, -172
75037, 4, 422, -96, 865, -173
75138, 0, 420, -33, 870, -174
75239, -4, 418, 31, 880, -176
75340, -8, 416, 95, 890, -178
75441, -8, 416, 95, 890, -178
75542, -8, 416, 95, 890, -178
75643, 3, 411, 53, 875, -176
75744, 14, 406, 10, 860, -173
75845, 25, 401, -33, 840, -170
75947, 36, 396, -75, 820, -166
76048, 47, 391, -118, 795, -162
76149, 58, 386, -160, 770, -158
76250, 69, 381, -203, 735, -153
76351, 80, 376, -245, 700, -147
76452, 82, 377, -239, 650, -141
76553, 84, 378, -234, 600, -134
76654, 86, 379, -228, 555, -125
76755, 88, 380, -223, 510, -117
76856, 90, 381, -217, 450, -109
76957, 92, 382, -211, 390, -99
77058, 94, 383, -206, 360, -90
77159, 96, 384, -200, 330, -81
77260, 79, 346, -177, 300, -73
77361, 62, 308, -154, 270, -66
77462, 45, 270, -131, 240, -59
77563, 28, 232, -108, 210, -52
77664, 11, 194, -84, 180, -45
77765, -6, 156, -61, 150, -39
77867, -23, 118, -38, 125, -33
77968, -40, 80, -15, 100, -27
78069, -35, 70, -13, 80, -21
78170, -30, 60, -11, 60, -16
78271, -25, 50, -9, 45, -12
78372, -20, 40, -8, 30, -8
78473, -15, 30, -6, 20, -5
78574, -10, 20, -4, 10, -2
78675, 0, 0, 0, 0, 0
78776, -5, 31, -1, 10, -1
78877, -10, 62, -1, 20, -3
78978, -15, 93, -2, 35, -6
79079, -20, 124, -3, 50, -9
79180, -25, 155, -3, 70, -12
79281, -30, 186, -4, 90, -16
79382, -35, 217, -4, 110, -20
79483, -40, 248, -5, 130, -23
79584, -44, 258, -16, 155, -28
79685, -48, 268, -28, 180, -32
79787, -52, 278, -39, 210, -37
79888, -56, 288, -50, 240, -42
79989, -60, 298, -61, 270, -48
80090, -64, 308, -73, 300, -53
80191, -68, 318, -84, 320, -59
80292, -72, 328, -95, 340, -64
80393, -51, 327, -102, 365, -68
80494, -30, 326, -109, 390, -73
80595, -9, 325, -116, 420, -78
80696, 12, 324, -123, 450, -84
80797, 33, 323, -129, 485, -90
80898, 54, 322, -136, 520, -96
80999, 75, 321, -143, 565, -102
81100, 96, 320, -150, 610, -110
81201, 85, 321, -189, 635, -117
81302, 74, 322, -229, 660, -123
81403, 63, 323, -268, 680, -129
81504, 52, 324, -308, 700, -135
81605, 41, 325, -347, 715, -139
81707, 30, 326, -386, 730, -143
81808, 19, 327, -426, 740, -147
81909, 8, 328, -465, 750, -149
82010, 10, 341, -459, 770, -152
82112, 12, 354, -453, 790, -156
82213, 14, 367, -446, 800, -159
82314, 16, 380, -440, 810, -161
82415, 18, 393, -434, 815, -163
82516, 20, 406, -428, 820, -164
82618, 22, 419, -421, 825, -165
82719, 24, 432, -415, 830, -166
82820, 20, 430, -351, 840, -168
82921, 16, 428, -288, 850, -170
83022, 12, 426, -224, 855, -171
83123, 8, 424, -160, 860, -172
83224, 4, 422, -96, 865, -173
83325, 0, 420, -33, 870, -174
83426, -4, 418, 31, 880, -176
83527, -8, 416, 95, 890, -178
83628, -8, 416, 95, 890, -178
83729, -8, 416, 95, 890, -178
83830, 3, 411, 53, 875, -176
83931, 14, 406, 10, 860, -173
84032, 25, 401, -33, 840, -170
84133, 36, 396, -75, 820, -166
84234, 47, 391, -118, 795, -162
84335, 58, 386, -160, 770, -158
84436, 69, 381, -203, 735, -153
84538, 80, 376, -245, 700, -147
84639, 82, 377, -239, 650, -141
84740, 84, 378, -234, 600, -133
84841, 86, 379, -228, 555, -125
84942, 88, 380, -223, 510, -117
85043, 90, 381, -217, 450, -109
85144, 92, 382, -211, 390, -99
85245, 94, 383, -206, 360, -90
85346, 96, 384, -200, 330, -81
85447, 79, 346, -177, 300, -73
85548, 62, 308, -154, 270, -66
85650, 45, 270, -131, 240, -59
85751, 28, 232, -108, 210, -52
85852, 11, 194, -84, 180, -45
85953, -6, 156, -61, 150, -39
86054, -23, 118, -38, 125, -32
86156, -40, 80, -15, 100, -27
86257, -35, 70, -13, 80, -21
86358, -30, 60, -11, 60, -16
86459, -25, 50, -9, 45, -12
86560, -20, 40, -8, 30, -8
86661, -15, 30, -6, 20, -5
86762, -10, 20, -4, 10, -2
86863, 0, 0, 0, 0, 0
86964, -5, 31, -1, 10, 0
87065, -10, 62, -1, 20, -3
87166, -15, 93, -2, 35, -6
87268, -20, 124, -3, 50, -9
87369, -25, 155, -3, 70, -12
87470, -30, 186, -4, 90, -16
87571, -35, 217, -4, 110, -20
87672, -40, 248, -5, 130, -23
87773, -44, 258, -16, 155, -27
87874, -48, 268, -28, 180, -32
87975, -52, 278, -39, 210, -37
88076, -56, 288, -50, 240, -42
88177, -60, 298, -61, 270, -48
88278, -64, 308, -73, 300, -53
88379, -68, 318, -84, 320, -59
88480, -72, 328, -95, 340, -64
88581, -51, 327, -102, 365, -68
88682, -30, 326, -109, 390, -73
88783, -9, 325, -116, 420, -78
88884, 12, 324, -123, 450, -84
88985, 33, 323, -129, 485, -90
89086, 54, 322, -136, 520, -96
89188, 75, 321, -143, 565, -102
89289, 96, 320, -150, 610, -110
89390, 85, 321, -189, 635, -117
89491, 74, 322, -229, 660, -123
89592, 63, 323, -268, 680, -129
89693, 52, 324, -308, 700, -135
89794, 41, 325, -347, 715, -139
89895, 30, 326, -386, 730, -143
89996, 19, 327, -426, 740, -147
90097, 8, 328, -465, 750, -149
90198, 10, 341, -459, 770, -152
90299, 12, 354, -453, 790, -156
90400, 14, 367, -446, 800, -159
90501, 16, 380, -440, 810, -161
90602, 18, 393, -434, 815, -163
90703, 20, 406, -428, 820, -164
90804, 22, 419, -421, 825, -165
90905, 24, 432, -415, 830, -166
91006, 20, 430, -351, 840, -168
91108, 16, 428, -288, 850, -170
91209, 12, 426, -224, 855, -171
91310, 8, 424, -160, 860, -172
91411, 4, 422, -96, 865, -173
91512, 0, 420, -33, 870, -174
91613, -4, 418, 31, 880, -176
91714, -8, 416, 95, 890, -178
91815, -8, 416, 95, 890, -178
91916, -8, 416, 95, 890, -178
92017, 3, 411, 53, 875, -176
92118, 14, 406, 10, 860, -173
92219, 25, 401, -33, 840, -170
92320, 36, 396, -75, 820, -166
92421, 47, 391, -118, 795, -162
92522, 58, 386, -160, 770, -158
92623, 69, 381, -203, 735, -153
92724, 80, 376, -245, 700, -147
92825, 82, 377, -239, 650, -141
92926, 84, 378, -234, 600, -134
93029, 86, 379, -228, 555, -125
93130, 88, 380, -223, 510, -117
93231, 90, 381, -217, 450, -109
93332, 92, 382, -211, 390, -99
93433, 94, 383, -206, 360, -90
93534, 96, 384, -200, 330, -82
93635, 79, 346, -177, 300, -73
93736, 62, 308, -154, 270, -66
93837, 45, 270, -131, 240, -59
93938, 28, 232, -108, 210, -52
94039, 11, 194, -84, 180, -45
94140, -6, 156, -61, 150, -39
94241, -23, 118, -38, 125, -32
94342, -40, 80, -15, 100, -27
94443, -35, 70, -13, 80, -21
94544, -30, 60, -11, 60, -16
94645, -25, 50, -9, 45, -12
94746, -20, 40, -8, 30, -8
94848, -15, 30, -6, 20, -5
94949, -10, 20, -4, 10, -2
95050, 0, 0, 0, 0, 0
95151, -5, 31, -1, 10, -1
95252, -10, 62, -1, 20, -3
95353, -15, 93, -2, 35, -6
95454, -20, 124, -3, 50, -9
95555, -25, 155, -3, 70, -12
95656, -30, 186, -4, 90, -16
95757, -35, 217, -4, 110, -20
95858, -40, 248, -5, 130, -23
95959, -44, 258, -16, 155, -28
96060, -48, 268, -28, 180, -32
96161, -52, 278, -39, 210, -37
96262, -56, 288, -50, 240, -42
96363, -60, 298, -61, 270, -48
96464, -64, 308, -73, 300, -53
96565, -68, 318, -84, 320, -59
96666, -72, 328, -95, 340, -64
96768, -51, 327, -102, 365, -68
96869, -30, 326, -109, 390, -73
96970, -9, 325, -116, 420, -78
97071, 12, 324, -123, 450, -84
97172, 33, 323, -129, 485, -90
97273, 54, 322, -136, 520, -96
97374, 75, 321, -143, 565, -102
97475, 96, 320, -150, 610, -110
97576, 85, 321, -189, 635, -117
97677, 74, 322, -229, 660, -123
97778, 63, 323, -268, 680, -129
97879, 52, 324, -308, 700, -135
97980, 41, 325, -347, 715, -139
98081, 30, 326, -386, 730, -143
98182, 19, 327, -426, 740, -147
98283, 8, 328, -465, 750, -149
98384, 10, 341, -459, 770, -152
98485, 12, 354, -453, 790, -156
98586, 14, 367, -446, 800, -159
98688, 16, 380, -440, 810, -161
98789, 18, 393, -434, 815, -163
98890, 20, 406, -428, 820, -164
98991, 22, 419, -421, 825, -165
99092, 24, 432, -415, 830, -166
99193, 20, 430, -351, 840, -168
99294, 16, 428, -288, 850, -170
99395, 12, 426, -224, 855, -171
99496, 8, 424, -160, 860, -172
99597, 4, 422, -96, 865, -173
99698, 0, 420, -33, 870, -174
99799, -4, 418, 31, 880, -176
99900, -8, 416, 95, 890, -178
100001, -8, 416, 95, 890, -178
100102, -8, 416, 95, 890, -178
100203, 3, 411, 53, 875, -176
100304, 14, 406, 10, 860, -173
100405, 25, 401, -33, 840, -170
100506, 36, 396, -75, 820, -166
100608, 47, 391, -118, 795, -162
100709, 58, 386, -160, 770, -158
100810, 69, 381, -203, 735, -153
100911, 80, 376, -245, 700, -147
101012, 82, 377, -239, 650, -141
101113, 84, 378, -234, 600, -134
101214, 86, 379, -228, 555, -126
101315, 88, 380, -223, 510, -117
101416, 90, 381, -217, 450, -109
101517, 92, 382, -211, 390, -99
101618, 94, 383, -206, 360, -90
101719, 96, 384, -200, 330, -81
101820, 79, 346, -177, 300, -73
101921, 62, 308, -154, 270, -66
102022, 45, 270, -131, 240, -59
102124, 28, 232, -108, 210, -52
102225, 11, 194, -84, 180, -45
102326, -6, 156, -61, 150, -39
102427, -23, 118, -38, 125, -33
102528, -40, 80, -15, 100, -27
102629, -35, 70, -13, 80, -21
102730, -30, 60, -11, 60, -16
102831, -25, 50, -9, 45, -12
102932, -20, 40, -8, 30, -8
103033, -15, 30, -6, 20, -5
103134, -10, 20, -4, 10, -2
103235, 0, 0, 0, 0, 0
103336, -5, 31, -1, 10, -1
103437, -10, 62, -1, 20, -3
103538, -15, 93, -2, 35, -6
103639, -20, 124, -3, 50, -9
103740, -25, 155, -3, 70, -12
103841, -30, 186, -4, 90, -16
103942, -35, 217, -4, 110, -20
104043, -40, 248, -5, 130, -23
104144, -44, 258, -16, 155, -28
104245, -48, 268, -28, 180, -32
104346, -52, 278, -39, 210, -37
104448, -56, 288, -50, 240, -42
104549, -60, 298, -61, 270, -48
104650, -64, 308, -73, 300, -53
104751, -68, 318, -84, 320, -59
104852, -72, 328, -95, 340, -64
104953, -51, 327, -102, 365, -68
105054, -30, 326, -109, 390, -73
105155, -9, 325, -116, 420, -78
105256, 12, 324, -123, 450, -84
105357, 33, 323, -129, 485, -90
105458, 54, 322, -136, 520, -96
105559, 75, 321, -143, 565, -102
105660, 96, 320, -150, 610, -110
105761, 85, 321, -189, 635, -117
105862, 74, 322, -229, 660, -123
105963, 63, 323, -268, 680, -129
106064, 52, 324, -308, 700, -135
106165, 41, 325, -347, 715, -139
106266, 30, 326, -386, 730, -143
106368, 19, 327, -426, 740, -147
106469, 8, 328, -465, 750, -149
106570, 10, 341, -459, 770, -152
106671, 12, 354, -453, 790, -156
106772, 14, 367, -446, 800, -159
106873, 16, 380, -440, 810, -162
106974, 18, 393, -434, 815, -163
107075, 20, 406, -428, 820, -164
107176, 22, 419, -421, 825, -165
107277, 24, 432, -415, 830, -166
107378, 20, 430, -351, 840, -168
107479, 16, 428, -288, 850, -170
107580, 12, 426, -224, 855, -171
107681, 8, 424, -160, 860, -172
107782, 4, 422, -96, 865, -173
107883, 0, 420, -33, 870, -174
107984, -4, 418, 31, 880, -176
108085, -8, 416, 95, 890, -178
108186, -8, 416, 95, 890, -178
108288, -8, 416, 95, 890, -178
108389, 3, 411, 53, 875, -176
108490, 14, 406, 10, 860, -173
108591, 25, 401, -33, 840, -170
108692, 36, 396, -75, 820, -166
108794, 47, 391, -118, 795, -162
108895, 58, 386, -160, 770, -158
108996, 69, 381, -203, 735, -153
109097, 80, 376, -245, 700, -147
109199, 82, 377, -239, 650, -141
109300, 84, 378, -234, 600, -133
109401, 86, 379, -228, 555, -126
109502, 88, 380, -223, 510, -117
109603, 90, 381, -217, 450, -109
109704, 92, 382, -211, 390, -99
109805, 94, 383, -206, 360, -90
109906, 96, 384, -200, 330, -81
110007, 79, 346, -177, 300, -74
110108, 62, 308, -154, 270, -66
110209, 45, 270, -131, 240, -59
110310, 28, 232, -108, 210, -52
110411, 11, 194, -84, 180, -45
110513, -6, 156, -61, 150, -39
110614, -23, 118, -38, 125, -32
110715, -40, 80, -15, 100, -27
110816, -35, 70, -13, 80, -21
110917, -30, 60, -11, 60, -16
111019, -25, 50, -9, 45, -12
111120, -20, 40, -8, 30, -8
111221, -15, 30, -6, 20, -5
111322, -10, 20, -4, 10, -3
111423, 0, 0, 0, 0, 0
111524, -5, 31, -1, 10, 0
111625, -10, 62, -1, 20, -3
111726, -15, 93, -2, 35, -6
111827, -20, 124, -3, 50, -9
111928, -25, 155, -3, 70, -12
112029, -30, 186, -4, 90, -16
112130, -35, 217, -4, 110, -20
112231, -40, 248, -5, 130, -23
112332, -44, 258, -16, 155, -28
112433, -48, 268, -28, 180, -32
112534, -52, 278, -39, 210, -37
112635, -56, 288, -50, 240, -42
112736, -60, 298, -61, 270, -47
112837, -64, 308, -73, 300, -53
112939, -68, 318, -84, 320, -59
113040, -72, 328, -95, 340, -64
113141, -51, 327, -102, 365, -68
113242, -30, 326, -109, 390, -73
113343, -9, 325, -116, 420, -78
113444, 12, 324, -123, 450, -84
113545, 33, 323, -129, 485, -89
113646, 54, 322, -136, 520, -96
113747, 75, 321, -143, 565, -102
113848, 96, 320, -150, 610, -109
113949, 85, 321, -189, 635, -117
114050, 74, 322, -229, 660, -123
114151, 63, 323, -268, 680, -129
114252, 52, 324, -308, 700, -135
114353, 41, 325, -347, 715, -139
114454, 30, 326, -386, 730, -143
114555, 19, 327, -426, 740, -147
114656, 8, 328, -465, 750, -149
114757, 10, 341, -459, 770, -152
114859, 12, 354, -453, 790, -156
114960, 14, 367, -446, 800, -159
115061, 16, 380, -440, 810, -161
115162, 18, 393, -434, 815, -163
115263, 20, 406, -428, 820, -164
115364, 22, 419, -421, 825, -165
115465, 24, 432, -415, 830, -166
115566, 20, 430, -351, 840, -168
115667, 16, 428, -288, 850, -170
115768, 12, 426, -224, 855, -171
115869, 8, 424, -160, 860, -172
115970, 4, 422, -96, 865, -173
116071, 0, 420, -33, 870, -174
116172, -4, 418, 31, 880, -176
116273, -8, 416, 95, 890, -178
116374, -8, 416, 95, 890, -178
116475, -8, 416, 95, 890, -178
116576, 3, 411, 53, 875, -176
116677, 14, 406, 10, 860, -173
116779, 25, 401, -33, 840, -170
116880, 36, 396, -75, 820, -166
116981, 47, 391, -118, 795, -162
117082, 58, 386, -160, 770, -158
117183, 69, 381, -203, 735, -153
117284, 80, 376, -245, 700, -147
117385, 82, 377, -239, 650, -141
117486, 84, 378, -234, 600, -134
117587, 86, 379, -228, 555, -125
117688, 88, 380, -223, 510, -117
117789, 90, 381, -217, 450, -109
117890, 92, 382, -211, 390, -99
117991, 94, 383, -206, 360, -90
118092, 96, 384, -200, 330, -81
118193, 79, 346, -177, 300, -73
118294, 62, 308, -154, 270, -66
118395, 45, 270, -131, 240, -59
118496, 28, 232, -108, 210, -52
118597, 11, 194, -84, 180, -45
118699, -6, 156, -61, 150, -39
118800, -23, 118, -38, 125, -32
118901, -40, 80, -15, 100, -27
119002, -35, 70, -13, 80, -21
119103, -30, 60, -11, 60, -16
119204, -25, 50, -9, 45, -12
119305, -20, 40, -8, 30, -8
119406, -15, 30, -6, 20, -5
119507, -10, 20, -4, 10, -2
119608, 0, 0, 0, 0, 0
119709, -5, 31, -1, 10, 0
119810, -10, 62, -1, 20, -3
119911, -15, 93, -2, 35, -6
120012, -20, 124, -3, 50, -9
120113, -25, 155, -3, 70, -12
120214, -30, 186, -4, 90, -16
120315, -35, 217, -4, 110, -20
120416, -40, 248, -5, 130, -23
120517, -44, 258, -16, 155, -27
120619, -48, 268, -28, 180, -32
120720, -52, 278, -39, 210, -37
120821, -56, 288, -50, 240, -42
120922, -60, 298, -61, 270, -47
121023, -64, 308, -73, 300, -53
121124, -68, 318, -84, 320, -59
121225, -72, 328, -95, 340, -63
121326, -51, 327, -102, 365, -68
121427, -30, 326, -109, 390, -73
121528, -9, 325, -116, 420, -78
121629, 12, 324, -123, 450, -84
121730, 33, 323, -129, 485, -89
121831, 54, 322, -136, 520, -96
121932, 75, 321, -143, 565, -102
122033, 96, 320, -150, 610, -109
122134, 85, 321, -189, 635, -117
122235, 74, 322, -229, 660, -123
122336, 63, 323, -268, 680, -129
122437, 52, 324, -308, 700, -135
122539, 41, 325, -347, 715, -139
122640, 30, 326, -386, 730, -143
122741, 19, 327, -426, 740, -147
122842, 8, 328, -465, 750, -149
122943, 10, 341, -459, 770, -152
123044, 12, 354, -453, 790, -156
123145, 14, 367, -446, 800, -159
123246, 16, 380, -440, 810, -161
123347, 18, 393, -434, 815, -163
123448, 20, 406, -428, 820, -164
123549, 22, 419, -421, 825, -165
123650, 24, 432, -415, 830, -166
123751, 20, 430, -351, 840, -168
123852, 16, 428, -288, 850, -170
123953, 12, 426, -224, 855, -171
124054, 8, 424, -160, 860, -172
124155, 4, 422, -96, 865, -173
124256, 0, 420, -33, 870, -174
124357, -4, 418, 31, 880, -176
124459, -8, 416, 95, 890, -178
124560, -8, 416, 95, 890, -178
124661, -8, 416, 95, 890, -178
124762, 3, 411, 53, 875, -176
124863, 14, 406, 10, 860, -173
124964, 25, 401, -33, 840, -170
125065, 36, 396, -75, 820, -166
125166, 47, 391, -118, 795, -162
125267, 58, 386, -160, 770, -158
125368, 69, 381, -203, 735, -153
125469, 80, 376, -245, 700, -147
125570, 82, 377, -239, 650, -141
125671, 84, 378, -234, 600, -134
125772, 86, 379, -228, 555, -126
125873, 88, 380, -223, 510, -118
125974, 90, 381, -217, 450, -109
126075, 92, 382, -211, 390, -99
126176, 94, 383, -206, 360, -90
126277, 96, 384, -200, 330, -81
126379, 79, 346, -177, 300, -73
126480, 62, 308, -154, 270, -66
126581, 45, 270, -131, 240, -59
126682, 28, 232, -108, 210, -52
126783, 11, 194, -84, 180, -45
126884, -6, 156, -61, 150, -39
126986, -23, 118, -38, 125, -32
127087, -40, 80, -15, 100, -27
127188, -35, 70, -13, 80, -21
127290, -30, 60, -11, 60, -16
127391, -25, 50, -9, 45, -12
127492, -20, 40, -8, 30, -8
127593, -15, 30, -6, 20, -5
127694, -10, 20, -4, 10, -2
127795, 0, 0, 0, 0, 0
127896, -5, 31, -1, 10, 0
127997, -10, 62, -1, 20, -3
128098, -15, 93, -2, 35, -6
128199, -20, 124, -3, 50, -9
128300, -25, 155, -3, 70, -12
128401, -30, 186, -4, 90, -16
128502, -35, 217, -4, 110, -20
128603, -40, 248, -5, 130, -23
128704, -44, 258, -16, 155, -28
128805, -48, 268, -28, 180, -32
128906, -52, 278, -39, 210, -37
129007, -56, 288, -50, 240, -42
129108, -60, 298, -61, 270, -48
129210, -64, 308, -73, 300, -53
129311, -68, 318, -84, 320, -59
129412, -72, 328, -95, 340, -64
129513, -51, 327, -102, 365, -68
129614, -30, 326, -109, 390, -73
129716, -9, 325, -116, 420, -78
129817, 12, 324, -123, 450, -84
129918, 33, 323, -129, 485, -90
130020, 54, 322, -136, 520, -96
130121, 75, 321, -143, 565, -102
130222, 96, 320, -150, 610, -110
130323, 85, 321, -189, 635, -117
130424, 74, 322, -229, 660, -123
130525, 63, 323, -268, 680, -129
130626, 52, 324, -308, 700, -135
130727, 41, 325, -347, 715, -139
130828, 30, 326, -386, 730, -143
130929, 19, 327, -426, 740, -147
131030, 8, 328, -465, 750, -149
131131, 10, 341, -459, 770, -152
131232, 12, 354, -453, 790, -156
131333, 14, 367, -446, 800, -159
131434, 16, 380, -440, 810, -161
131535, 18, 393, -434, 815, -163
131636, 20, 406, -428, 820, -164
131737, 22, 419, -421, 825, -165
131838, 24, 432, -415, 830, -166
131940, 20, 430, -351, 840, -168
132041, 16, 428, -288, 850, -170
132142, 12, 426, -224, 855, -171
132243, 8, 424, -160, 860, -172
132344, 4, 422, -96, 865, -173
132445, 0, 420, -33, 870, -174
132546, -4, 418, 31, 880, -176
132647, -8, 416, 95, 890, -178
132748, -8, 416, 95, 890, -178
132849, -8, 416, 95, 890, -178
132950, 3, 411, 53, 875, -176
133051, 14, 406, 10, 860, -173
133152, 25, 401, -33, 840, -170
133253, 36, 396, -75, 820, -166
133354, 47, 391, -118, 795, -162
133455, 58, 386, -160, 770, -158
133556, 69, 381, -203, 735, -153
133657, 80, 376, -245, 700, -147
133758, 82, 377, -239, 650, -141
133860, 84, 378, -234, 600, -133
133961, 86, 379, -228, 555, -125
134062, 88, 380, -223, 510, -117
134163, 90, 381, -217, 450, -109
134264, 92, 382, -211, 390, -99
134365, 94, 383, -206, 360, -90
134466, 96, 384, -200, 330, -81
134567, 79, 346, -177, 300, -73
134669, 62, 308, -154, 270, -66
134770, 45, 270, -131, 240, -59
134871, 28, 232, -108, 210, -52
134972, 11, 194, -84, 180, -45
135073, -6, 156, -61, 150, -39
135175, -23, 118, -38, 125, -32
135276, -40, 80, -15, 100, -27
135377, -35, 70, -13, 80, -21
135478, -30, 60, -11, 60, -16
135579, -25, 50, -9, 45, -12
135680, -20, 40, -8, 30, -8
135781, -15, 30, -6, 20, -5
135882, -10, 20, -4, 10, -2
135983, 0, 0, 0, 0, 0
136084, -5, 31, -1, 10, -1
136185, -10, 62, -1, 20, -3
136286, -15, 93, -2, 35, -6
136387, -20, 124, -3, 50, -9
136488, -25, 155, -3, 70, -12
136589, -30, 186, -4, 90, -16
136690, -35, 217, -4, 110, -20
136791, -40, 248, -5, 130, -23
136892, -44, 258, -16, 155, -28
136993, -48, 268, -28, 180, -32
137094, -52, 278, -39, 210, -37
137195, -56, 288, -50, 240, -42
137296, -60, 298, -61, 270, -48
137397, -64, 308, -73, 300, -53
137498, -68, 318, -84, 320, -59
137600, -72, 328, -95, 340, -64
137701, -51, 327, -102, 365, -68
137802, -30, 326, -109, 390, -73
137903, -9, 325, -116, 420, -78
138004, 12, 324, -123, 450, -84
138105, 33, 323, -129, 485, -90
138206, 54, 322, -136, 520, -96
138307, 75, 321, -143, 565, -102
138408, 96, 320, -150, 610, -110
138509, 85, 321, -189, 635, -117
138610, 74, 322, -229, 660, -123
138711, 63, 323, -268, 680, -129
138812, 52, 324, -308, 700, -135
138913, 41, 325, -347, 715, -139
139014, 30, 326, -386, 730, -143
139115, 19, 327, -426, 740, -147
139216, 8, 328, -465, 750, -149
139317, 10, 341, -459, 770, -152
139418, 12, 354, -453, 790, -156
139520, 14, 367, -446, 800, -159
139621, 16, 380, -440, 810, -162
139722, 18, 393, -434, 815, -163
139823, 20, 406, -428, 820, -164
139924, 22, 419, -421, 825, -165
140025, 24, 432, -415, 830, -166
140126, 20, 430, -351, 840, -168
140227, 16, 428, -288, 850, -170
140328, 12, 426, -224, 855, -171
140429, 8, 424, -160, 860, -172
140530, 4, 422, -96, 865, -173
140631, 0, 420, -33, 870, -174
140732, -4, 418, 31, 880, -176
140833, -8, 416, 95, 890, -178
140934, -8, 416, 95, 890, -178
141035, -8, 416, 95, 890, -178
141136, 3, 411, 53, 875, -176
141237, 14, 406, 10, 860, -173
141338, 25, 401, -33, 840, -170
141440, 36, 396, -75, 820, -166
141542, 47, 391, -118, 795, -162
141643, 58, 386, -160, 770, -158
141744, 69, 381, -203, 735, -153
141845, 80, 376, -245, 700, -147
141946, 82, 377, -239, 650, -141
142047, 84, 378, -234, 600, -133
142148, 86, 379, -228, 555, -125
142249, 88, 380, -223, 510, -117
142351, 90, 381, -217, 450, -109
142452, 92, 382, -211, 390, -99
142553, 94, 383, -206, 360, -90
142654, 96, 384, -200, 330, -81
142755, 79, 346, -177, 300, -73
142856, 62, 308, -154, 270, -66
142957, 45, 270, -131, 240, -59
143058, 28, 232, -108, 210, -52
143159, 11, 194, -84, 180, -45
143260, -6, 156, -61, 150, -39
143361, -23, 118, -38, 125, -33
143462, -40, 80, -15, 100, -27
143563, -35, 70, -13, 80, -21
143664, -30, 60, -11, 60, -16
143765, -25, 50, -9, 45, -12
143866, -20, 40, -8, 30, -8
143967, -15, 30, -6, 20, -4
144068, -10, 20, -4, 10, -1
144169, 0, 0, 0, 0, 1
144271, -5, 31, -1, 10, 1
144372, -10, 62, -1, 20, -2
144473, -15, 93, -2, 35, -5
144574, -20, 124, -3, 50, -8
144675, -25, 155, -3, 70, -11
144776, -30, 186, -4, 90, -15
144877, -35, 217, -4, 110, -19
144978, -40, 248, -5, 130, -22
145079, -44, 258, -16, 155, -27
145180, -48, 268, -28, 180, -31
145281, -52, 278, -39, 210, -36
145382, -56, 288, -50, 240, -41
145483, -60, 298, -61, 270, -47
145584, -64, 308, -73, 300, -52
145685, -68, 318, -84, 320, -58
145786, -72, 328, -95, 340, -63
145887, -51, 327, -102, 365, -67
145988, -30, 326, -109, 390, -72
146089, -9, 325, -116, 420, -77
146191, 12, 324, -123, 450, -83
146292, 33, 323, -129, 485, -89
146393, 54, 322, -136, 520, -95
146494, 75, 321, -143, 565, -101
146595, 96, 320, -150, 610, -109
146696, 85, 321, -189, 635, -116
146797, 74, 322, -229, 660, -122
146898, 63, 323, -268, 680, -128
146999, 52, 324, -308, 700, -134
147100, 41, 325, -347, 715, -138
147201, 30, 326, -386, 730, -142
147302, 19, 327, -426, 740, -146
147403, 8, 328, -465, 750, -148
147504, 10, 341, -459, 770, -151
147605, 12, 354, -453, 790, -155
147706, 14, 367, -446, 800, -158
147807, 16, 380, -440, 810, -160
147908, 18, 393, -434, 815, -162
148009, 20, 406, -428, 820, -163
148111, 22, 419, -421, 825, -164
148212, 24, 432, -415, 830, -165
148313, 20, 430, -351, 840, -167
148414, 16, 428, -288, 850, -169
148515, 12, 426, -224, 855, -170
148616, 8, 424, -160, 860, -171
148717, 4, 422, -96, 865, -172
148818, 0, 420, -33, 870, -173
148919, -4, 418, 31, 880, -175
149020, -8, 416, 95, 890, -177
149121, -8, 416, 95, 890, -177
149222, -8, 416, 95, 890, -177
149323, 3, 411, 53, 875, -175
149424, 14, 406, 10, 860, -172
149525, 25, 401, -33, 840, -169
149626, 36, 396, -75, 820, -165
149727, 47, 391, -118, 795, -161
149828, 58, 386, -160, 770, -157
149929, 69, 381, -203, 735, -152
150031, 80, 376, -245, 700, -146
150132, 82, 377, -239, 650, -140
150233, 84, 378, -234, 600, -132
150334, 86, 379, -228, 555, -124
150435, 88, 380, -223, 510, -116
150536, 90, 381, -217, 450, -108
150637, 92, 382, -211, 390, -98
150738, 94, 383, -206, 360, -89
150839, 96, 384, -200, 330, -80
150940, 79, 346, -177, 300, -72
151041, 62, 308, -154, 270, -65
151143, 45, 270, -131, 240, -58
151244, 28, 232, -108, 210, -51
151345, 11, 194, -84, 180, -44
151446, -6, 156, -61, 150, -38
151547, -23, 118, -38, 125, -31
151648, -40, 80, -15, 100, -26
151750, -35, 70, -13, 80, -20
151851, -30, 60, -11, 60, -15
151952, -25, 50, -9, 45, -11
152053, -20, 40, -8, 30, -7
152154, -15, 30, -6, 20, -4
152255, -10, 20, -4, 10, -1
152356, 0, 0, 0, 0, 1
152457, -5, 31, -1, 10, 1
152558, -10, 62, -1, 20, -2
152659, -15, 93, -2, 35, -5
152760, -20, 124, -3, 50, -8
152861, -25, 155, -3, 70, -11
152962, -30, 186, -4, 90, -15
153063, -35, 217, -4, 110, -19
153164, -40, 248, -5, 130, -22
153265, -44, 258, -16, 155, -26
153366, -48, 268, -28, 180, -31
153467, -52, 278, -39, 210, -36
153568, -56, 288, -50, 240, -41
153669, -60, 298, -61, 270, -46
153771, -64, 308, -73, 300, -52
153872, -68, 318, -84, 320, -58
153973, -72, 328, -95, 340, -63
154074, -51, 327, -102, 365, -67
154175, -30, 326, -109, 390, -72
154276, -9, 325, -116, 420, -77
154377, 12, 324, -123, 450, -83
154478, 33, 323, -129, 485, -88
154579, 54, 322, -136, 520, -95
154680, 75, 321, -143, 565, -101
154781, 96, 320, -150, 610, -108
154882, 85, 321, -189, 635, -116
154983, 74, 322, -229, 660, -122
155084, 63, 323, -268, 680, -128
155185, 52, 324, -308, 700, -134
155286, 41, 325, -347, 715, -138
155387, 30, 326, -386, 730, -142
155488, 19, 327, -426, 740, -146
155589, 8, 328, -465, 750, -148
155691, 10, 341, -459, 770, -151
155792, 12, 354, -453, 790, -155
155893, 14, 367, -446, 800, -158
155994, 16, 380, -440, 810, -161
156095, 18, 393, -434, 815, -162
156196, 20, 406, -428, 820, -163
156297, 22, 419, -421, 825, -164
156398, 24, 432, -415, 830, -165
156499, 20, 430, -351, 840, -167
156600, 16, 428, -288, 850, -169
156701, 12, 426, -224, 855, -170
156802, 8, 424, -160, 860, -171
156903, 4, 422, -96, 865, -172
157004, 0, 420, -33, 870, -173
157105, -4, 418, 31, 880, -175
157206, -8, 416, 95, 890, -177
157307, -8, 416, 95, 890, -177
157408, -8, 416, 95, 890, -177
157509, 3, 411, 53, 875, -175
157611, 14, 406, 10, 860, -172
157712, 25, 401, -33, 840, -169
157813, 36, 396, -75, 820, -165
157915, 47, 391, -118, 795, -161
158016, 58, 386, -160, 770, -157
158117, 69, 381, -203, 735, -152
158218, 80, 376, -245, 700, -146
158319, 82, 377, -239, 650, -140
158420, 84, 378, -234, 600, -132
158522, 86, 379, -228, 555, -124
158623, 88, 380, -223, 510, -116
158724, 90, 381, -217, 450, -108
158825, 92, 382, -211, 390, -98
158926, 94, 383, -206, 360, -89
159027, 96, 384, -200, 330, -80
159128, 79, 346, -177, 300, -72
159229, 62, 308, -154, 270, -65
159330, 45, 270, -131, 240, -58
159432, 28, 232, -108, 210, -51
159533, 11, 194, -84, 180, -44
159634, -6, 156, -61, 150, -38
159735, -23, 118, -38, 125, -31
159836, -40, 80, -15, 100, -26
159937, -35, 70, -13, 80, -20
160038, -30, 60, -11, 60, -15
160139, -25, 50, -9, 45, -11
160240, -20, 40, -8, 30, -7
160342, -15, 30, -6, 20, -4
160443, -10, 20, -4, 10, -1
160544, 0, 0, 0, 0, 1
160645, -5, 31, -1, 10, 1
160746, -10, 62, -1, 20, -2
160847, -15, 93, -2, 35, -5
160948, -20, 124, -3, 50, -8
161049, -25, 155, -3, 70, -11
161150, -30, 186, -4, 90, -15
161252, -35, 217, -4, 110, -19
161353, -40, 248, -5, 130, -22
161454, -44, 258, -16, 155, -26
161555, -48, 268, -28, 180, -31
161656, -52, 278, -39, 210, -36
161757, -56, 288, -50, 240, -41
161858, -60, 298, -61, 270, -47
161959, -64, 308, -73, 300, -52
162060, -68, 318, -84, 320, -58
162161, -72, 328, -95, 340, -63
162262, -51, 327, -102, 365, -67
162363, -30, 326, -109, 390, -72
162464, -9, 325, -116, 420, -77
162565, 12, 324, -123, 450, -83
162666, 33, 323, -129, 485, -88
162767, 54, 322, -136, 520, -95
162868, 75, 321, -143, 565, -101
162969, 96, 320, -150, 610, -108
163070, 85, 321, -189, 635, -116
163172, 74, 322, -229, 660, -122
163273, 63, 323, -268, 680, -128
163374, 52, 324, -308, 700, -134
163475, 41, 325, -347, 715, -138
163576, 30, 326, -386, 730, -142
163677, 19, 327, -426, 740, -146
163778, 8, 328, -465, 750, -148
163879, 10, 341, -459, 770, -151
163980, 12, 354, -453, 790, -155
164081, 14, 367, -446, 800, -158
164182, 16, 380, -440, 810, -161
164283, 18, 393, -434, 815, -162
164384, 20, 406, -428, 820, -163
164485, 22, 419, -421, 825, -164
164586, 24, 432, -415, 830, -165
164687, 20, 430, -351, 840, -167
164788, 16, 428, -288, 850, -169
164889, 12, 426, -224, 855, -170
164990, 8, 424, -160, 860, -171
165092, 4, 422, -96, 865, -172
165193, 0, 420, -33, 870, -173
165294, -4, 418, 31, 880, -175
165395, -8, 416, 95, 890, -177
165496, -8, 416, 95, 890, -177
165597, -8, 416, 95, 890, -177
165698, 3, 411, 53, 875, -175
165799, 14, 406, 10, 860, -172
165900, 25, 401, -33, 840, -169
166001, 36, 396, -75, 820, -165
166102, 47, 391, -118, 795, -161
166203, 58, 386, -160, 770, -157
166304, 69, 381, -203, 735, -152
166405, 80, 376, -245, 700, -146
166506, 82, 377, -239, 650, -140
166607, 84, 378, -234, 600, -132
166708, 86, 379, -228, 555, -125
166809, 88, 380, -223, 510, -116
166910, 90, 381, -217, 450, -108
167012, 92, 382, -211, 390, -98
167113, 94, 383, -206, 360, -89
167214, 96, 384, -200, 330, -80
167315, 79, 346, -177, 300, -72
167416, 62, 308, -154, 270, -65
167518, 45, 270, -131, 240, -58
167619, 28, 232, -108, 210, -51
167720, 11, 194, -84, 180, -44
167821, -6, 156, -61, 150, -38
167922, -23, 118, -38, 125, -32
168023, -40, 80, -15, 100, -26
168124, -35, 70, -13, 80, -20
168225, -30, 60, -11, 60, -15
168326, -25, 50, -9, 45, -11
168427, -20, 40, -8, 30, -7
168528, -15, 30, -6, 20, -4
168629, -10, 20, -4, 10, -1
168730, 0, 0, 0, 0, 1
168832, -5, 31, -1, 10, 0
168933, -10, 62, -1, 20, -2
169034, -15, 93, -2, 35, -5
169135, -20, 124, -3, 50, -8
169236, -25, 155, -3, 70, -11
169337, -30, 186, -4, 90, -15
169438, -35, 217, -4, 110, -19
169539, -40, 248, -5, 130, -22
169640, -44, 258, -16, 155, -27
169741, -48, 268, -28, 180, -31
169842, -52, 278, -39, 210, -36
169943, -56, 288, -50, 240, -41
170044, -60, 298, -61, 270, -47
170145, -64, 308, -73, 300, -52
170246, -68, 318, -84, 320, -58
170347, -72, 328, -95, 340, -63
170448, -51, 327, -102, 365, -67
170549, -30, 326, -109, 390, -72
170650, -9, 325, -116, 420, -77
170752, 12, 324, -123, 450, -83
170853, 33, 323, -129, 485, -89
170954, 54, 322, -136, 520, -95
171055, 75, 321, -143, 565, -101
171156, 96, 320, -150, 610, -109
171257, 85, 321, -189, 635, -116
171358, 74, 322, -229, 660, -122
171459, 63, 323, -268, 680, -128
171561, 52, 324, -308, 700, -134
171663, 41, 325, -347, 715, -138
171764, 30, 326, -386, 730, -142
171865, 19, 327, -426, 740, -146
171966, 8, 328, -465, 750, -148
172067, 10, 341, -459, 770, -151
172168, 12, 354, -453, 790, -155
172269, 14, 367, -446, 800, -158
172370, 16, 380, -440, 810, -161
172471, 18, 393, -434, 815, -162
172572, 20, 406, -428, 820, -163
172673, 22, 419, -421, 825, -164
172774, 24, 432, -415, 830, -165
172875, 20, 430, -351, 840, -167
172976, 16, 428, -288, 850, -169
173077, 12, 426, -224, 855, -170
173178, 8, 424, -160, 860, -171
173279, 4, 422, -96, 865, -172
173380, 0, 420, -33, 870, -173
173481, -4, 418, 31, 880, -175
173583, -8, 416, 95, 890, -177
173684, -8, 416, 95, 890, -177
173785, -8, 416, 95, 890, -177
173886, 3, 411, 53, 875, -175
173987, 14, 406, 10, 860, -172
174088, 25, 401, -33, 840, -169
174189, 36, 396, -75, 820, -165
174290, 47, 391, -118, 795, -161
174391, 58, 386, -160, 770, -157
174492, 69, 381, -203, 735, -152
174593, 80, 376, -245, 700, -146
174694, 82, 377, -239, 650, -140
174795, 84, 378, -234, 600, -133
174897, 86, 379, -228, 555, -125
174998, 88, 380, -223, 510, -116
175099, 90, 381, -217, 450, -108
175200, 92, 382, -211, 390, -98
175301, 94, 383, -206, 360, -89
175403, 96, 384, -200, 330, -80
175504, 79, 346, -177, 300, -72
175605, 62, 308, -154, 270, -65
175706, 45, 270, -131, 240, -58
175807, 28, 232, -108, 210, -51
175908, 11, 194, -84, 180, -44
176009, -6, 156, -61, 150, -38
176110, -23, 118, -38, 125, -32
176211, -40, 80, -15, 100, -26
176312, -35, 70, -13, 80, -20
176413, -30, 60, -11, 60, -15
176514, -25, 50, -9, 45, -11
176615, -20, 40, -8, 30, -7
176716, -15, 30, -6, 20, -4
176817, -10, 20, -4, 10, -2
176918, 0, 0, 0, 0, 1
177019, -5, 31, -1, 10, 1
177120, -10, 62, -1, 20, -2
177221, -15, 93, -2, 35, -5
177323, -20, 124, -3, 50, -8
177424, -25, 155, -3, 70, -11
177525, -30, 186, -4, 90, -15
177626, -35, 217, -4, 110, -19
177727, -40, 248, -5, 130, -22
177828, -44, 258, -16, 155, -27
177929, -48, 268, -28, 180, -31
178030, -52, 278, -39, 210, -36
178131, -56, 288, -50, 240, -41
178232, -60, 298, -61, 270, -46
178333, -64, 308, -73, 300, -52
178434, -68, 318, -84, 320, -58
178535, -72, 328, -95, 340, -62
178636, -51, 327, -102, 365, -67
178737, -30, 326, -109, 390, -72
178838, -9, 325, -116, 420, -77
178939, 12, 324, -123, 450, -83
179040, 33, 323, -129, 485, -88
179141, 54, 322, -136, 520, -95
179243, 75, 321, -143, 565, -101
179344, 96, 320, -150, 610, -109
179445, 85, 321, -189, 635, -116
179547, 74, 322, -229, 660, -122
179648, 63, 323, -268, 680, -128
179749, 52, 324, -308, 700, -134
179850, 41, 325, -347, 715, -138
179951, 30, 326, -386, 730, -142
180052, 19, 327, -426, 740, -146
180154, 8, 328, -465, 750, -148
180255, 10, 341, -459, 770, -151
180356, 12, 354, -453, 790, -155
180457, 14, 367, -446, 800, -158
180558, 16, 380, -440, 810, -161
180659, 18, 393, -434, 815, -162
180760, 20, 406, -428, 820, -163
180861, 22, 419, -421, 825, -164
180962, 24, 432, -415, 830, -165
181063, 20, 430, -351, 840, -167
181164, 16, 428, -288, 850, -169
181265, 12, 426, -224, 855, -170
181366, 8, 424, -160, 860, -171
181467, 4, 422, -96, 865, -172
181568, 0, 420, -33, 870, -173
181669, -4, 418, 31, 880, -175
181770, -8, 416, 95, 890, -177
181871, -8, 416, 95, 890, -177
181972, -8, 416, 95, 890, -177
182074, 3, 411, 53, 875, -175
182175, 14, 406, 10, 860, -172
182276, 25, 401, -33, 840, -169
182377, 36, 396, -75, 820, -165
182478, 47, 391, -118, 795, -161
182579, 58, 386, -160, 770, -157
182680, 69, 381, -203, 735, -152
182781, 80, 376, -245, 700, -146
182882, 82, 377, -239, 650, -140
182983, 84, 378, -234, 600, -133
183084, 86, 379, -228, 555, -125
183185, 88, 380, -223, 510, -116
183286, 90, 381, -217, 450, -108
183387, 92, 382, -211, 390, -98
183488, 94, 383, -206, 360, -89
183589, 96, 384, -200, 330, -80
183690, 79, 346, -177, 300, -72
183791, 62, 308, -154, 270, -65
183892, 45, 270, -131, 240, -58
183994, 28, 232, -108, 210, -51
184095, 11, 194, -84, 180, -44
184196, -6, 156, -61, 150, -38
184297, -23, 118, -38, 125, -32
184399, -40, 80, -15, 100, -26
184500, -35, 70, -13, 80, -20
184601, -30, 60, -11, 60, -15
184702, -25, 50, -9, 45, -11
184804, -20, 40, -8, 30, -7
184905, -15, 30, -6, 20, -4
185006, -10, 20, -4, 10, -1
185107, 0, 0, 0, 0, 1
185208, -5, 31, -1, 10, 0
185309, -10, 62, -1, 20, -2
185410, -15, 93, -2, 35, -5
185511, -20, 124, -3, 50, -8
185612, -25, 155, -3, 70, -11
185713, -30, 186, -4, 90, -15
185814, -35, 217, -4, 110, -19
185915, -40, 248, -5, 130, -22
186016, -44, 258, -16, 155, -27
186117, -48, 268, -28, 180, -31
186218, -52, 278, -39, 210, -36
186319, -56, 288, -50, 240, -41
186420, -60, 298, -61, 270, -46
186521, -64, 308, -73, 300, -52
186622, -68, 318, -84, 320, -58
186724, -72, 328, -95, 340, -63
186825, -51, 327, -102, 365, -67
186926, -30, 326, -109, 390, -72
187027, -9, 325, -116, 420, -77
187128, 12, 324, -123, 450, -83
187229, 33, 323, -129, 485, -89
187330, 54, 322, -136, 520, -95
187431, 75, 321, -143, 565, -101
187532, 96, 320, -150, 610, -109
187633, 85, 321, -189, 635, -116
187734, 74, 322, -229, 660, -122
187835, 63, 323, -268, 680, -128
187936, 52, 324, -308, 700, -134
188037, 41, 325, -347, 715, -138
188138, 30, 326, -386, 730, -142
188239, 19, 327, -426, 740, -146
188340, 8, 328, -465, 750, -148
188441, 10, 341, -459, 770, -151
188542, 12, 354, -453, 790, -155
188644, 14, 367, -446, 800, -158
188745, 16, 380, -440, 810, -160
188846, 18, 393, -434, 815, -162
188947, 20, 406, -428, 820, -163
189048, 22, 419, -421, 825, -164
189149, 24, 432, -415, 830, -165
189250, 20, 430, -351, 840, -167
189351, 16, 428, -288, 850, -169
189452, 12, 426, -224, 855, -170
189553, 8, 424, -160, 860, -171
189654, 4, 422, -96, 865, -172
189755, 0, 420, -33, 870, -173
189856, -4, 418, 31, 880, -175
189957, -8, 416, 95, 890, -177
190058, -8, 416, 95, 890, -177
190159, -8, 416, 95, 890, -177
190260, 3, 411, 53, 875, -175
190361, 14, 406, 10, 860, -172
190462, 25, 401, -33, 840, -169
190564, 36, 396, -75, 820, -165
190665, 47, 391, -118, 795, -161
190766, 58, 386, -160, 770, -157
190867, 69, 381, -203, 735, -152
190968, 80, 376, -245, 700, -146
191069, 82, 377, -239, 650, -140
191170, 84, 378, -234, 600, -132
191271, 86, 379, -228, 555, -124
191372, 88, 380, -223, 510, -116
191473, 90, 381, -217, 450, -108
191574, 92, 382, -211, 390, -98
191675, 94, 383, -206, 360, -89
191776, 96, 384, -200, 330, -80
191877, 79, 346, -177, 300, -72
191978, 62, 308, -154, 270, -65
192079, 45, 270, -131, 240, -58
192180, 28, 232, -108, 210, -51
192281, 11, 194, -84, 180, -44
192382, -6, 156, -61, 150, -38
192484, -23, 118, -38, 125, -31
192585, -40, 80, -15, 100, -26
192686, -35, 70, -13, 80, -20
192787, -30, 60, -11, 60, -15
192888, -25, 50, -9, 45, -11
192989, -20, 40, -8, 30, -6
193090, -15, 30, -6, 20, -3
193191, -10, 20, -4, 10, 0
193292, 0, 0, 0, 0, 2
193393, -5, 31, -1, 10, 2
193494, -10, 62, -1, 20, -1
193595, -15, 93, -2, 35, -4
193696, -20, 124, -3, 50, -7
193797, -25, 155, -3, 70, -10
Emergency stop command received!
Ready for new commands (Type 'l' to start cycle).
