-------------------------------------ping (cycle)
's': Emergency Stop and reset
cted single cycle time: 0m 8s 100ms
Available commands:
'l': Start continuous looping (cycle)
's': Emergency Stop and reset
-------------------------------------
4D Phantom Controller Initializing...
Expected single cycle time: 0m 8s 100ms
Available commands:
'l': Start continuous looping (cycle)
's': Emergency Stop and reset
Starting 4-axis synchronized cycle loop...
Time(ms), M1(SI) Target Steps, M2(Lat) Target Steps, M3(AP) Target Steps, M4(Chest) Target Steps, M3 Encoder Steps
1121, 0, 0, 0, 0, 0
1221, -5, 31, -1, 10, 0
1323, -10, 62, -1, 20, 1
1424, -15, 93, -2, 35, 2
1525, -20, 124, -3, 50, 3
1626, -25, 155, -3, 70, 4
1727, -30, 186, -4, 90, 5
1828, -35, 217, -4, 110, 6
1929, -40, 248, -5, 130, 8
2030, -44, 258, -16, 155, 8
2131, -48, 268, -28, 180, 9
2232, -52, 278, -39, 210, 10
2333, -56, 288, -50, 240, 11
2434, -60, 298, -61, 270, 12
2535, -64, 308, -73, 300, 12
2636, -68, 318, -84, 320, 13
2737, -72, 328, -95, 340, 14
2838, -51, 327, -102, 365, 12
2939, -30, 326, -109, 390, 9
3040, -9, 325, -116, 420, 5
3141, 12, 324, -123, 450, 1
3243, 33, 323, -129, 485, -4
3344, 54, 322, -136, 520, -8
3445, 75, 321, -143, 565, -12
3546, 96, 320, -150, 610, -16
3647, 85, 321, -189, 635, -19
3748, 74, 322, -229, 660, -19
3849, 63, 323, -268, 680, -16
3950, 52, 324, -308, 700, -13
4051, 41, 325, -347, 715, -10
4152, 30, 326, -386, 730, -7
4253, 19, 327, -426, 740, -5
4354, 8, 328, -465, 750, -3
4455, 10, 341, -459, 770, -2
4556, 12, 354, -453, 790, -3
4657, 14, 367, -446, 800, -3
4758, 16, 380, -440, 810, -4
4859, 18, 393, -434, 815, -4
4960, 20, 406, -428, 820, -4
5061, 22, 419, -421, 825, -5
5163, 24, 432, -415, 830, -5
5264, 20, 430, -351, 840, -5
5365, 16, 428, -288, 850, -4
5466, 12, 426, -224, 855, -3
5567, 8, 424, -160, 860, -2
5668, 4, 422, -96, 865, -1
5769, 0, 420, -33, 870, -1
5870, -4, 418, 31, 880, 0
5971, -8, 416, 95, 890, 1
6071, -8, 416, 95, 890, 1
6171, -8, 416, 95, 890, 1
6272, 3, 411, 53, 875, 0
6373, 14, 406, 10, 860, -3
6474, 25, 401, -33, 840, -5
6575, 36, 396, -75, 820, -7
6676, 47, 391, -118, 795, -9
6777, 58, 386, -160, 770, -11
6878, 69, 381, -203, 735, -14
6979, 80, 376, -245, 700, -16
7080, 82, 377, -239, 650, -17
7181, 84, 378, -234, 600, -17
7282, 86, 379, -228, 555, -18
7383, 88, 380, -223, 510, -18
7484, 90, 381, -217, 450, -18
7585, 92, 382, -211, 390, -19
7686, 94, 383, -206, 360, -19
7787, 96, 384, -200, 330, -20
7889, 79, 346, -177, 300, -18
7990, 62, 308, -154, 270, -15
8091, 45, 270, -131, 240, -12
8192, 28, 232, -108, 210, -8
8293, 11, 194, -84, 180, -5
8394, -6, 156, -61, 150, -1
8496, -23, 118, -38, 125, 2
8597, -40, 80, -15, 100, 5
8698, -35, 70, -13, 80, 7
8799, -30, 60, -11, 60, 5
8900, -25, 50, -9, 45, 4
9001, -20, 40, -8, 30, 3
9103, -15, 30, -6, 20, 2
9204, -10, 20, -4, 10, 1
9305, 0, 0, 0, 0, -1
9406, -5, 31, -1, 10, -1
9507, -10, 62, -1, 20, 0
9608, -15, 93, -2, 35, 1
9709, -20, 124, -3, 50, 2
9810, -25, 155, -3, 70, 3
9911, -30, 186, -4, 90, 4
10012, -35, 217, -4, 110, 5
10113, -40, 248, -5, 130, 6
10214, -44, 258, -16, 155, 7
10315, -48, 268, -28, 180, 8
10416, -52, 278, -39, 210, 9
10517, -56, 288, -50, 240, 10
10618, -60, 298, -61, 270, 11
10719, -64, 308, -73, 300, 11
10820, -68, 318, -84, 320, 12
10921, -72, 328, -95, 340, 13
11023, -51, 327, -102, 365, 11
11124, -30, 326, -109, 390, 8
11225, -9, 325, -116, 420, 4
11326, 12, 324, -123, 450, 0
11427, 33, 323, -129, 485, -5
11528, 54, 322, -136, 520, -9
11629, 75, 321, -143, 565, -13
11730, 96, 320, -150, 610, -17
11831, 85, 321, -189, 635, -20
11932, 74, 322, -229, 660, -20
12033, 63, 323, -268, 680, -18
12134, 52, 324, -308, 700, -14
12235, 41, 325, -347, 715, -11
12336, 30, 326, -386, 730, -8
12437, 19, 327, -426, 740, -6
12538, 8, 328, -465, 750, -4
12639, 10, 341, -459, 770, -3
12740, 12, 354, -453, 790, -4
12841, 14, 367, -446, 800, -4
12943, 16, 380, -440, 810, -5
13044, 18, 393, -434, 815, -5
13145, 20, 406, -428, 820, -5
13246, 22, 419, -421, 825, -6
13347, 24, 432, -415, 830, -6
13448, 20, 430, -351, 840, -6
13549, 16, 428, -288, 850, -5
13650, 12, 426, -224, 855, -4
13751, 8, 424, -160, 860, -3
13852, 4, 422, -96, 865, -2
13953, 0, 420, -33, 870, -2
14054, -4, 418, 31, 880, -1
14155, -8, 416, 95, 890, 0
14255, -8, 416, 95, 890, 0
14355, -8, 416, 95, 890, 0
14456, 3, 411, 53, 875, -1
14557, 14, 406, 10, 860, -4
14658, 25, 401, -33, 840, -6
14759, 36, 396, -75, 820, -8
14860, 47, 391, -118, 795, -10
14961, 58, 386, -160, 770, -12
15062, 69, 381, -203, 735, -15
15163, 80, 376, -245, 700, -17
15264, 82, 377, -239, 650, -18
15365, 84, 378, -234, 600, -18
15466, 86, 379, -228, 555, -19
15567, 88, 380, -223, 510, -19
15668, 90, 381, -217, 450, -19
15769, 92, 382, -211, 390, -20
15870, 94, 383, -206, 360, -20
15972, 96, 384, -200, 330, -21
16073, 79, 346, -177, 300, -19
16174, 62, 308, -154, 270, -16
16276, 45, 270, -131, 240, -13
16377, 28, 232, -108, 210, -9
16478, 11, 194, -84, 180, -6
16579, -6, 156, -61, 150, -2
16680, -23, 118, -38, 125, 1
16781, -40, 80, -15, 100, 4
16882, -35, 70, -13, 80, 6
16983, -30, 60, -11, 60, 5
17084, -25, 50, -9, 45, 4
17185, -20, 40, -8, 30, 3
17286, -15, 30, -6, 20, 2
17387, -10, 20, -4, 10, 1
17488, 0, 0, 0, 0, -1
17589, -5, 31, -1, 10, 0
17690, -10, 62, -1, 20, 1
17792, -15, 93, -2, 35, 2
17893, -20, 124, -3, 50, 3
17994, -25, 155, -3, 70, 4
18095, -30, 186, -4, 90, 5
18196, -35, 217, -4, 110, 6
18297, -40, 248, -5, 130, 7
18398, -44, 258, -16, 155, 8
18499, -48, 268, -28, 180, 9
18600, -52, 278, -39, 210, 10
18701, -56, 288, -50, 240, 11
18802, -60, 298, -61, 270, 12
18903, -64, 308, -73, 300, 12
19004, -68, 318, -84, 320, 13
19105, -72, 328, -95, 340, 14
19206, -51, 327, -102, 365, 12
19307, -30, 326, -109, 390, 9
19408, -9, 325, -116, 420, 5
19509, 12, 324, -123, 450, 1
19610, 33, 323, -129, 485, -4
19712, 54, 322, -136, 520, -8
19813, 75, 321, -143, 565, -12
19914, 96, 320, -150, 610, -16
20015, 85, 321, -189, 635, -19
20116, 74, 322, -229, 660, -18
20217, 63, 323, -268, 680, -15
20318, 52, 324, -308, 700, -12
20419, 41, 325, -347, 715, -9
20520, 30, 326, -386, 730, -6
20621, 19, 327, -426, 740, -4
20722, 8, 328, -465, 750, -2
20823, 10, 341, -459, 770, -1
20924, 12, 354, -453, 790, -2
21025, 14, 367, -446, 800, -2
21126, 16, 380, -440, 810, -3
21227, 18, 393, -434, 815, -3
21328, 20, 406, -428, 820, -3
21429, 22, 419, -421, 825, -4
21530, 24, 432, -415, 830, -4
21632, 20, 430, -351, 840, -4
21733, 16, 428, -288, 850, -3
21834, 12, 426, -224, 855, -2
21935, 8, 424, -160, 860, -1
22036, 4, 422, -96, 865, 0
22137, 0, 420, -33, 870, 0
22238, -4, 418, 31, 880, 1
22339, -8, 416, 95, 890, 2
22439, -8, 416, 95, 890, 2
22539, -8, 416, 95, 890, 2
22640, 3, 411, 53, 875, 1
22742, 14, 406, 10, 860, -2
22843, 25, 401, -33, 840, -4
22944, 36, 396, -75, 820, -6
23045, 47, 391, -118, 795, -8
23146, 58, 386, -160, 770, -10
23247, 69, 381, -203, 735, -13
23348, 80, 376, -245, 700, -15
23449, 82, 377, -239, 650, -16
23550, 84, 378, -234, 600, -16
23652, 86, 379, -228, 555, -17
23753, 88, 380, -223, 510, -17
23854, 90, 381, -217, 450, -17
23955, 92, 382, -211, 390, -18
24056, 94, 383, -206, 360, -18
24157, 96, 384, -200, 330, -19
24258, 79, 346, -177, 300, -17
24359, 62, 308, -154, 270, -14
24460, 45, 270, -131, 240, -11
24561, 28, 232, -108, 210, -7
24662, 11, 194, -84, 180, -4
24763, -6, 156, -61, 150, 0
24864, -23, 118, -38, 125, 3
24965, -40, 80, -15, 100, 6
25066, -35, 70, -13, 80, 8
25167, -30, 60, -11, 60, 8
25268, -25, 50, -9, 45, 6
25369, -20, 40, -8, 30, 5
25470, -15, 30, -6, 20, 4
25572, -10, 20, -4, 10, 3
25673, 0, 0, 0, 0, 1
25774, -5, 31, -1, 10, 2
25875, -10, 62, -1, 20, 3
25976, -15, 93, -2, 35, 4
26077, -20, 124, -3, 50, 5
26178, -25, 155, -3, 70, 6
26279, -30, 186, -4, 90, 7
26380, -35, 217, -4, 110, 8
26481, -40, 248, -5, 130, 9
26582, -44, 258, -16, 155, 10
26683, -48, 268, -28, 180, 11
26784, -52, 278, -39, 210, 12
26885, -56, 288, -50, 240, 13
26986, -60, 298, -61, 270, 14
27087, -64, 308, -73, 300, 14
27188, -68, 318, -84, 320, 15
27289, -72, 328, -95, 340, 16
27390, -51, 327, -102, 365, 14
27492, -30, 326, -109, 390, 11
27593, -9, 325, -116, 420, 7
27694, 12, 324, -123, 450, 3
27795, 33, 323, -129, 485, -2
27896, 54, 322, -136, 520, -6
27997, 75, 321, -143, 565, -10
28098, 96, 320, -150, 610, -14
28199, 85, 321, -189, 635, -17
28300, 74, 322, -229, 660, -16
28401, 63, 323, -268, 680, -14
28502, 52, 324, -308, 700, -10
28603, 41, 325, -347, 715, -7
28704, 30, 326, -386, 730, -4
28805, 19, 327, -426, 740, -2
28906, 8, 328, -465, 750, 0
29007, 10, 341, -459, 770, 1
29108, 12, 354, -453, 790, 0
29209, 14, 367, -446, 800, 0
29310, 16, 380, -440, 810, -1
29412, 18, 393, -434, 815, -1
29513, 20, 406, -428, 820, -1
29614, 22, 419, -421, 825, -2
29715, 24, 432, -415, 830, -2
29816, 20, 430, -351, 840, -2
29917, 16, 428, -288, 850, -1
30018, 12, 426, -224, 855, 0
30119, 8, 424, -160, 860, 1
30220, 4, 422, -96, 865, 2
30321, 0, 420, -33, 870, 2
30422, -4, 418, 31, 880, 3
30523, -8, 416, 95, 890, 4
30623, -8, 416, 95, 890, 4
30723, -8, 416, 95, 890, 4
30824, 3, 411, 53, 875, 3
30925, 14, 406, 10, 860, 0
31026, 25, 401, -33, 840, -2
31127, 36, 396, -75, 820, -4
31228, 47, 391, -118, 795, -6
31329, 58, 386, -160, 770, -8
31430, 69, 381, -203, 735, -11
31531, 80, 376, -245, 700, -13
31632, 82, 377, -239, 650, -14
31733, 84, 378, -234, 600, -14
31834, 86, 379, -228, 555, -15
31935, 88, 380, -223, 510, -15
32036, 90, 381, -217, 450, -15
32137, 92, 382, -211, 390, -16
32238, 94, 383, -206, 360, -16
32339, 96, 384, -200, 330, -17
32440, 79, 346, -177, 300, -15
32541, 62, 308, -154, 270, -12
32642, 45, 270, -131, 240, -9
32743, 28, 232, -108, 210, -5
32844, 11, 194, -84, 180, -2
32945, -6, 156, -61, 150, 2
33046, -23, 118, -38, 125, 5
33147, -40, 80, -15, 100, 8
33248, -35, 70, -13, 80, 10
33349, -30, 60, -11, 60, 10
33451, -25, 50, -9, 45, 8
33552, -20, 40, -8, 30, 7
33653, -15, 30, -6, 20, 6
33754, -10, 20, -4, 10, 5
33855, 0, 0, 0, 0, 3
33956, -5, 31, -1, 10, 3
34057, -10, 62, -1, 20, 4
34158, -15, 93, -2, 35, 5
34259, -20, 124, -3, 50, 6
34360, -25, 155, -3, 70, 7
34461, -30, 186, -4, 90, 8
34562, -35, 217, -4, 110, 9
34663, -40, 248, -5, 130, 10
34764, -44, 258, -16, 155, 11
34865, -48, 268, -28, 180, 12
34966, -52, 278, -39, 210, 13
35067, -56, 288, -50, 240, 14
35168, -60, 298, -61, 270, 15
35269, -64, 308, -73, 300, 15
35371, -68, 318, -84, 320, 16
35472, -72, 328, -95, 340, 17
35573, -51, 327, -102, 365, 15
35674, -30, 326, -109, 390, 12
35775, -9, 325, -116, 420, 8
35876, 12, 324, -123, 450, 4
35977, 33, 323, -129, 485, 0
36078, 54, 322, -136, 520, -5
36179, 75, 321, -143, 565, -9
36280, 96, 320, -150, 610, -13
36381, 85, 321, -189, 635, -16
36482, 74, 322, -229, 660, -16
36583, 63, 323, -268, 680, -13
36684, 52, 324, -308, 700, -9
36785, 41, 325, -347, 715, -6
36886, 30, 326, -386, 730, -4
36987, 19, 327, -426, 740, -1
37088, 8, 328, -465, 750, 1
37189, 10, 341, -459, 770, 1
37291, 12, 354, -453, 790, 0
37392, 14, 367, -446, 800, 0
37493, 16, 380, -440, 810, -1
37594, 18, 393, -434, 815, -1
37695, 20, 406, -428, 820, -1
37796, 22, 419, -421, 825, -2
37897, 24, 432, -415, 830, -2
37998, 20, 430, -351, 840, -2
38099, 16, 428, -288, 850, -1
38200, 12, 426, -224, 855, 0
38301, 8, 424, -160, 860, 1
38402, 4, 422, -96, 865, 2
38503, 0, 420, -33, 870, 2
38604, -4, 418, 31, 880, 3
38705, -8, 416, 95, 890, 4
38806, -8, 416, 95, 890, 4
38907, -8, 416, 95, 890, 4
39008, 3, 411, 53, 875, 3
39109, 14, 406, 10, 860, 0
39211, 25, 401, -33, 840, -2
39312, 36, 396, -75, 820, -4
39413, 47, 391, -118, 795, -6
39514, 58, 386, -160, 770, -8
39615, 69, 381, -203, 735, -11
39716, 80, 376, -245, 700, -13
39817, 82, 377, -239, 650, -14
39918, 84, 378, -234, 600, -14
40019, 86, 379, -228, 555, -15
40120, 88, 380, -223, 510, -15
40221, 90, 381, -217, 450, -15
40322, 92, 382, -211, 390, -16
40423, 94, 383, -206, 360, -16
40524, 96, 384, -200, 330, -17
40625, 79, 346, -177, 300, -15
40726, 62, 308, -154, 270, -12
40827, 45, 270, -131, 240, -9
40928, 28, 232, -108, 210, -5
41029, 11, 194, -84, 180, -2
41131, -6, 156, -61, 150, 2
41232, -23, 118, -38, 125, 5
41333, -40, 80, -15, 100, 8
41434, -35, 70, -13, 80, 10
41535, -30, 60, -11, 60, 9
41636, -25, 50, -9, 45, 8
41737, -20, 40, -8, 30, 7
41838, -15, 30, -6, 20, 6
41939, -10, 20, -4, 10, 5
42040, 0, 0, 0, 0, 3
42141, -5, 31, -1, 10, 4
42242, -10, 62, -1, 20, 5
42343, -15, 93, -2, 35, 6
42444, -20, 124, -3, 50, 7
42545, -25, 155, -3, 70, 8
42646, -30, 186, -4, 90, 9
42747, -35, 217, -4, 110, 10
42848, -40, 248, -5, 130, 11
42949, -44, 258, -16, 155, 12
43051, -48, 268, -28, 180, 13
43152, -52, 278, -39, 210, 14
43253, -56, 288, -50, 240, 15
43354, -60, 298, -61, 270, 15
43455, -64, 308, -73, 300, 16
43556, -68, 318, -84, 320, 17
43657, -72, 328, -95, 340, 18
43758, -51, 327, -102, 365, 16
43859, -30, 326, -109, 390, 13
43960, -9, 325, -116, 420, 9
44061, 12, 324, -123, 450, 5
44162, 33, 323, -129, 485, 1
44263, 54, 322, -136, 520, -4
44364, 75, 321, -143, 565, -8
44465, 96, 320, -150, 610, -12
44566, 85, 321, -189, 635, -15
44667, 74, 322, -229, 660, -14
44768, 63, 323, -268, 680, -12
44869, 52, 324, -308, 700, -8
44971, 41, 325, -347, 715, -5
45072, 30, 326, -386, 730, -2
45173, 19, 327, -426, 740, 0
45274, 8, 328, -465, 750, 2
45375, 10, 341, -459, 770, 3
45476, 12, 354, -453, 790, 2
45577, 14, 367, -446, 800, 2
45678, 16, 380, -440, 810, 1
45779, 18, 393, -434, 815, 1
45880, 20, 406, -428, 820, 1
45981, 22, 419, -421, 825, 0
46082, 24, 432, -415, 830, 0
46183, 20, 430, -351, 840, 0
46284, 16, 428, -288, 850, 1
46385, 12, 426, -224, 855, 2
46486, 8, 424, -160, 860, 3
46587, 4, 422, -96, 865, 4
46688, 0, 420, -33, 870, 4
46789, -4, 418, 31, 880, 5
46891, -8, 416, 95, 890, 6
46991, -8, 416, 95, 890, 6
47091, -8, 416, 95, 890, 6
47192, 3, 411, 53, 875, 5
47293, 14, 406, 10, 860, 2
47394, 25, 401, -33, 840, 0
47495, 36, 396, -75, 820, -2
47596, 47, 391, -118, 795, -4
47697, 58, 386, -160, 770, -6
47798, 69, 381, -203, 735, -9
47899, 80, 376, -245, 700, -11
48000, 82, 377, -239, 650, -12
48101, 84, 378, -234, 600, -12
48202, 86, 379, -228, 555, -13
48303, 88, 380, -223, 510, -13
48404, 90, 381, -217, 450, -13
48505, 92, 382, -211, 390, -14
48606, 94, 383, -206, 360, -14
48707, 96, 384, -200, 330, -15
48808, 79, 346, -177, 300, -13
48909, 62, 308, -154, 270, -10
49010, 45, 270, -131, 240, -7
49112, 28, 232, -108, 210, -3
49213, 11, 194, -84, 180, 0
49314, -6, 156, -61, 150, 4
49415, -23, 118, -38, 125, 7
49516, -40, 80, -15, 100, 10
49617, -35, 70, -13, 80, 12
49718, -30, 60, -11, 60, 10
49819, -25, 50, -9, 45, 9
49920, -20, 40, -8, 30, 8
50021, -15, 30, -6, 20, 7
50122, -10, 20, -4, 10, 6
50223, 0, 0, 0, 0, 4
50324, -5, 31, -1, 10, 4
50425, -10, 62, -1, 20, 5
50526, -15, 93, -2, 35, 6
50627, -20, 124, -3, 50, 7
Emergency stop command received!
Ready for new commands (Type 'l' to start cycle).



=======================
para 1.5

---------------------------inuous looping (cycle)
's': Emergency Stop and reset
cted single cycle time: 0m 8s 100ms
Available commands:
'l': Start continuous looping (cycle)
's': Emergency Stop and reset
-------------------------------------
4D Phantom Controller Initializing...
Expected single cycle time: 0m 8s 100ms
Available commands:
'l': Start continuous looping (cycle)
's': Emergency Stop and reset
Starting 4-axis synchronized cycle loop...
Time(ms), M1(SI) Target Steps, M2(Lat) Target Steps, M3(AP) Target Steps, M4(Chest) Target Steps, M3 Encoder Steps
2749, 0, 0, 0, 0, 0
2849, -15, 93, -1, 10, 1
2950, -30, 186, -1, 20, 4
3051, -45, 279, -2, 35, 7
3152, -60, 372, -3, 50, 10
3253, -75, 465, -3, 70, 13
3354, -90, 558, -4, 90, 16
3456, -105, 651, -4, 110, 19
3557, -120, 744, -5, 130, 22
3658, -132, 774, -16, 155, 25
3759, -144, 804, -28, 180, 27
3860, -156, 834, -39, 210, 30
3961, -168, 864, -50, 240, 32
4062, -180, 894, -61, 270, 35
4163, -192, 924, -73, 300, 37
4264, -204, 954, -84, 320, 40
4365, -216, 984, -95, 340, 42
4466, -153, 981, -102, 365, 43
4567, -90, 978, -109, 390, 40
4668, -27, 975, -116, 420, 35
4769, 36, 972, -123, 450, 29
4870, 99, 969, -129, 485, 20
4971, 162, 966, -136, 520, 9
5072, 225, 963, -143, 565, -3
5173, 288, 960, -150, 610, -16
5274, 255, 963, -189, 635, -28
5376, 222, 966, -229, 660, -38
5477, 189, 969, -268, 680, -45
5578, 156, 972, -308, 700, -51
5679, 123, 975, -347, 715, -55
5780, 90, 978, -386, 730, -57
5881, 57, 981, -426, 740, -56
5982, 24, 984, -465, 750, -52
6083, 30, 1023, -459, 770, -46
6184, 36, 1062, -453, 790, -38
6285, 42, 1101, -446, 800, -29
6386, 48, 1140, -440, 810, -21
6487, 54, 1179, -434, 815, -15
6588, 60, 1218, -428, 820, -11
6689, 66, 1257, -421, 825, -10
6790, 72, 1296, -415, 830, -12
6891, 60, 1290, -351, 840, -13
6992, 48, 1284, -288, 850, -11
7093, 36, 1278, -224, 855, -9
7194, 24, 1272, -160, 860, -6
7296, 12, 1266, -96, 865, -4
7397, 0, 1260, -33, 870, -1
7498, -12, 1254, 31, 880, 1
7599, -24, 1248, 95, 890, 3
7699, -24, 1248, 95, 890, 4
7800, -24, 1248, 95, 890, 4
7901, 9, 1233, 53, 875, 2
8002, 42, 1218, 10, 860, -2
8103, 75, 1203, -33, 840, -8
8204, 108, 1188, -75, 820, -14
8305, 141, 1173, -118, 795, -21
8406, 174, 1158, -160, 770, -27
8507, 207, 1143, -203, 735, -33
8608, 240, 1128, -245, 700, -40
8709, 246, 1131, -239, 650, -45
8810, 252, 1134, -234, 600, -49
8911, 258, 1137, -228, 555, -52
9012, 264, 1140, -223, 510, -54
9113, 270, 1143, -217, 450, -56
9214, 276, 1146, -211, 390, -57
9316, 282, 1149, -206, 360, -58
9417, 288, 1152, -200, 330, -59
9518, 237, 1038, -177, 300, -58
9619, 186, 924, -154, 270, -55
9720, 135, 810, -131, 240, -49
9821, 84, 696, -108, 210, -41
9922, 33, 582, -84, 180, -32
10023, -18, 468, -61, 150, -22
10124, -69, 354, -38, 125, -12
10225, -120, 240, -15, 100, -2
10326, -105, 210, -13, 80, 6
10428, -90, 180, -11, 60, 13
10529, -75, 150, -9, 45, 18
10630, -60, 120, -8, 30, 21
10731, -45, 90, -6, 20, 22
10832, -30, 60, -4, 10, 19
10933, 0, 0, 0, 0, 15
11034, -15, 93, -1, 10, 9
11136, -30, 186, -1, 20, 5
11237, -45, 279, -2, 35, 2
11338, -60, 372, -3, 50, 3
11439, -75, 465, -3, 70, 5
11540, -90, 558, -4, 90, 10
11641, -105, 651, -4, 110, 15
11742, -120, 744, -5, 130, 19
11843, -132, 774, -16, 155, 23
11944, -144, 804, -28, 180, 26
12045, -156, 834, -39, 210, 29
12146, -168, 864, -50, 240, 31
12247, -180, 894, -61, 270, 34
12348, -192, 924, -73, 300, 36
12449, -204, 954, -84, 320, 39
12550, -216, 984, -95, 340, 41
12651, -153, 981, -102, 365, 41
12752, -90, 978, -109, 390, 39
12854, -27, 975, -116, 420, 34
12955, 36, 972, -123, 450, 27
13056, 99, 969, -129, 485, 19
13157, 162, 966, -136, 520, 8
13258, 225, 963, -143, 565, -4
13359, 288, 960, -150, 610, -17
13460, 255, 963, -189, 635, -29
13561, 222, 966, -229, 660, -38
13662, 189, 969, -268, 680, -46
13763, 156, 972, -308, 700, -52
13864, 123, 975, -347, 715, -56
13965, 90, 978, -386, 730, -58
14066, 57, 981, -426, 740, -57
14167, 24, 984, -465, 750, -53
14268, 30, 1023, -459, 770, -48
14369, 36, 1062, -453, 790, -40
14470, 42, 1101, -446, 800, -31
14571, 48, 1140, -440, 810, -23
14673, 54, 1179, -434, 815, -17
14774, 60, 1218, -428, 820, -13
14875, 66, 1257, -421, 825, -11
14976, 72, 1296, -415, 830, -13
15077, 60, 1290, -351, 840, -14
15178, 48, 1284, -288, 850, -13
15279, 36, 1278, -224, 855, -11
15380, 24, 1272, -160, 860, -8
15481, 12, 1266, -96, 865, -6
15582, 0, 1260, -33, 870, -3
15683, -12, 1254, 31, 880, -1
15784, -24, 1248, 95, 890, 2
15885, -24, 1248, 95, 890, 2
15986, -24, 1248, 95, 890, 2
16087, 9, 1233, 53, 875, 0
16188, 42, 1218, 10, 860, -4
16289, 75, 1203, -33, 840, -10
16390, 108, 1188, -75, 820, -16
16491, 141, 1173, -118, 795, -23
16592, 174, 1158, -160, 770, -29
16694, 207, 1143, -203, 735, -36
16795, 240, 1128, -245, 700, -42
16896, 246, 1131, -239, 650, -47
16998, 252, 1134, -234, 600, -51
17099, 258, 1137, -228, 555, -54
17200, 264, 1140, -223, 510, -56
17301, 270, 1143, -217, 450, -58
17402, 276, 1146, -211, 390, -59
17503, 282, 1149, -206, 360, -60
17604, 288, 1152, -200, 330, -61
17705, 237, 1038, -177, 300, -60
17807, 186, 924, -154, 270, -57
17908, 135, 810, -131, 240, -51
18009, 84, 696, -108, 210, -43
18110, 33, 582, -84, 180, -34
18212, -18, 468, -61, 150, -24
18313, -69, 354, -38, 125, -14
18415, -120, 240, -15, 100, -4
18516, -105, 210, -13, 80, 5
18618, -90, 180, -11, 60, 11
18719, -75, 150, -9, 45, 16
18820, -60, 120, -8, 30, 19
18921, -45, 90, -6, 20, 20
19022, -30, 60, -4, 10, 17
19123, 0, 0, 0, 0, 13
19224, -15, 93, -1, 10, 7
19325, -30, 186, -1, 20, 3
19426, -45, 279, -2, 35, 0
19527, -60, 372, -3, 50, 1
19628, -75, 465, -3, 70, 4
19729, -90, 558, -4, 90, 9
19830, -105, 651, -4, 110, 13
19931, -120, 744, -5, 130, 18
20032, -132, 774, -16, 155, 21
20133, -144, 804, -28, 180, 24
20234, -156, 834, -39, 210, 27
20335, -168, 864, -50, 240, 29
20436, -180, 894, -61, 270, 32
20538, -192, 924, -73, 300, 34
20639, -204, 954, -84, 320, 36
20740, -216, 984, -95, 340, 39
20841, -153, 981, -102, 365, 40
20943, -90, 978, -109, 390, 38
21044, -27, 975, -116, 420, 34
21145, 36, 972, -123, 450, 27
21246, 99, 969, -129, 485, 19
21348, 162, 966, -136, 520, 9
21449, 225, 963, -143, 565, -4
21550, 288, 960, -150, 610, -17
21651, 255, 963, -189, 635, -29
21752, 222, 966, -229, 660, -39
21853, 189, 969, -268, 680, -47
21954, 156, 972, -308, 700, -53
22055, 123, 975, -347, 715, -57
22156, 90, 978, -386, 730, -60
22257, 57, 981, -426, 740, -59
22358, 24, 984, -465, 750, -56
22459, 30, 1023, -459, 770, -51
22560, 36, 1062, -453, 790, -44
22661, 42, 1101, -446, 800, -35
22762, 48, 1140, -440, 810, -27
22863, 54, 1179, -434, 815, -20
22964, 60, 1218, -428, 820, -16
23066, 66, 1257, -421, 825, -13
23168, 72, 1296, -415, 830, -14
23269, 60, 1290, -351, 840, -16
23371, 48, 1284, -288, 850, -16
23472, 36, 1278, -224, 855, -13
23573, 24, 1272, -160, 860, -10
23674, 12, 1266, -96, 865, -8
23775, 0, 1260, -33, 870, -5
23876, -12, 1254, 31, 880, -3
23977, -24, 1248, 95, 890, 0
24079, -24, 1248, 95, 890, 0
24180, -24, 1248, 95, 890, 0
24281, 9, 1233, 53, 875, -2
24382, 42, 1218, 10, 860, -6
24483, 75, 1203, -33, 840, -12
24584, 108, 1188, -75, 820, -18
24685, 141, 1173, -118, 795, -25
24786, 174, 1158, -160, 770, -31
24887, 207, 1143, -203, 735, -38
24988, 240, 1128, -245, 700, -44
25089, 246, 1131, -239, 650, -49
25190, 252, 1134, -234, 600, -53
25291, 258, 1137, -228, 555, -56
25392, 264, 1140, -223, 510, -58
25493, 270, 1143, -217, 450, -60
25594, 276, 1146, -211, 390, -61
25695, 282, 1149, -206, 360, -62
25796, 288, 1152, -200, 330, -63
25897, 237, 1038, -177, 300, -62
25999, 186, 924, -154, 270, -59
26100, 135, 810, -131, 240, -53
26201, 84, 696, -108, 210, -45
26302, 33, 582, -84, 180, -36
26403, -18, 468, -61, 150, -26
26504, -69, 354, -38, 125, -16
26605, -120, 240, -15, 100, -6
26706, -105, 210, -13, 80, 2
26807, -90, 180, -11, 60, 9
26908, -75, 150, -9, 45, 14
27009, -60, 120, -8, 30, 17
27110, -45, 90, -6, 20, 18
27211, -30, 60, -4, 10, 15
27312, 0, 0, 0, 0, 11
27413, -15, 93, -1, 10, 5
27514, -30, 186, -1, 20, 1
27615, -45, 279, -2, 35, -2
27716, -60, 372, -3, 50, -1
27817, -75, 465, -3, 70, 2
27919, -90, 558, -4, 90, 7
28020, -105, 651, -4, 110, 11
28121, -120, 744, -5, 130, 16
28222, -132, 774, -16, 155, 19
28323, -144, 804, -28, 180, 22
28424, -156, 834, -39, 210, 25
28525, -168, 864, -50, 240, 27
28626, -180, 894, -61, 270, 30
28727, -192, 924, -73, 300, 32
28829, -204, 954, -84, 320, 34
28930, -216, 984, -95, 340, 37
29031, -153, 981, -102, 365, 38
29132, -90, 978, -109, 390, 36
29233, -27, 975, -116, 420, 32
29334, 36, 972, -123, 450, 25
29435, 99, 969, -129, 485, 17
29536, 162, 966, -136, 520, 7
29637, 225, 963, -143, 565, -6
29739, 288, 960, -150, 610, -19
29840, 255, 963, -189, 635, -31
29941, 222, 966, -229, 660, -41
30042, 189, 969, -268, 680, -49
30143, 156, 972, -308, 700, -55
30244, 123, 975, -347, 715, -60
30345, 90, 978, -386, 730, -62
30446, 57, 981, -426, 740, -61
30547, 24, 984, -465, 750, -58
30648, 30, 1023, -459, 770, -53
30749, 36, 1062, -453, 790, -46
30850, 42, 1101, -446, 800, -37
30951, 48, 1140, -440, 810, -29
31052, 54, 1179, -434, 815, -22
31153, 60, 1218, -428, 820, -18
31254, 66, 1257, -421, 825, -15
31355, 72, 1296, -415, 830, -16
31456, 60, 1290, -351, 840, -18
31557, 48, 1284, -288, 850, -18
31659, 36, 1278, -224, 855, -15
31760, 24, 1272, -160, 860, -12
31861, 12, 1266, -96, 865, -10
31962, 0, 1260, -33, 870, -7
32063, -12, 1254, 31, 880, -5
32164, -24, 1248, 95, 890, -2
32265, -24, 1248, 95, 890, -1
32366, -24, 1248, 95, 890, -2
32467, 9, 1233, 53, 875, -3
32568, 42, 1218, 10, 860, -7
32669, 75, 1203, -33, 840, -13
32770, 108, 1188, -75, 820, -19
32871, 141, 1173, -118, 795, -26
32972, 174, 1158, -160, 770, -32
33073, 207, 1143, -203, 735, -39
33174, 240, 1128, -245, 700, -45
33276, 246, 1131, -239, 650, -51
33378, 252, 1134, -234, 600, -55
33479, 258, 1137, -228, 555, -57
33580, 264, 1140, -223, 510, -59
33681, 270, 1143, -217, 450, -61
33782, 276, 1146, -211, 390, -62
33883, 282, 1149, -206, 360, -63
33984, 288, 1152, -200, 330, -64
34085, 237, 1038, -177, 300, -63
34186, 186, 924, -154, 270, -60
34287, 135, 810, -131, 240, -54
34388, 84, 696, -108, 210, -46
34490, 33, 582, -84, 180, -37
34591, -18, 468, -61, 150, -27
34692, -69, 354, -38, 125, -17
34793, -120, 240, -15, 100, -7
34895, -105, 210, -13, 80, 2
34996, -90, 180, -11, 60, 8
35097, -75, 150, -9, 45, 13
35198, -60, 120, -8, 30, 16
35300, -45, 90, -6, 20, 17
35401, -30, 60, -4, 10, 14
35502, 0, 0, 0, 0, 10
35603, -15, 93, -1, 10, 4
35704, -30, 186, -1, 20, 0
35805, -45, 279, -2, 35, -3
35906, -60, 372, -3, 50, -2
36007, -75, 465, -3, 70, 1
36108, -90, 558, -4, 90, 5
36209, -105, 651, -4, 110, 10
36310, -120, 744, -5, 130, 14
36411, -132, 774, -16, 155, 18
36512, -144, 804, -28, 180, 21
36613, -156, 834, -39, 210, 24
36714, -168, 864, -50, 240, 26
36815, -180, 894, -61, 270, 29
36916, -192, 924, -73, 300, 31
37017, -204, 954, -84, 320, 33
37118, -216, 984, -95, 340, 36
37221, -153, 981, -102, 365, 37
37322, -90, 978, -109, 390, 35
37423, -27, 975, -116, 420, 31
37524, 36, 972, -123, 450, 24
37625, 99, 969, -129, 485, 16
37726, 162, 966, -136, 520, 6
37827, 225, 963, -143, 565, -7
37929, 288, 960, -150, 610, -20
38031, 255, 963, -189, 635, -32
38132, 222, 966, -229, 660, -42
38233, 189, 969, -268, 680, -50
38334, 156, 972, -308, 700, -56
38435, 123, 975, -347, 715, -61
38536, 90, 978, -386, 730, -63
38637, 57, 981, -426, 740, -62
38738, 24, 984, -465, 750, -59
38839, 30, 1023, -459, 770, -54
38940, 36, 1062, -453, 790, -47
39041, 42, 1101, -446, 800, -38
39142, 48, 1140, -440, 810, -30
39244, 54, 1179, -434, 815, -23
39345, 60, 1218, -428, 820, -19
39446, 66, 1257, -421, 825, -16
39547, 72, 1296, -415, 830, -17
39648, 60, 1290, -351, 840, -19
39749, 48, 1284, -288, 850, -19
39851, 36, 1278, -224, 855, -16
39952, 24, 1272, -160, 860, -13
40053, 12, 1266, -96, 865, -11
40154, 0, 1260, -33, 870, -8
40255, -12, 1254, 31, 880, -6
40356, -24, 1248, 95, 890, -3
40457, -24, 1248, 95, 890, -3
40558, -24, 1248, 95, 890, -3
40659, 9, 1233, 53, 875, -5
40760, 42, 1218, 10, 860, -9
40861, 75, 1203, -33, 840, -15
40962, 108, 1188, -75, 820, -21
41063, 141, 1173, -118, 795, -28
41165, 174, 1158, -160, 770, -34
41267, 207, 1143, -203, 735, -41
41368, 240, 1128, -245, 700, -47
41469, 246, 1131, -239, 650, -53
41570, 252, 1134, -234, 600, -56
41671, 258, 1137, -228, 555, -59
41772, 264, 1140, -223, 510, -61
41873, 270, 1143, -217, 450, -63
41974, 276, 1146, -211, 390, -64
42075, 282, 1149, -206, 360, -65
42176, 288, 1152, -200, 330, -66
42277, 237, 1038, -177, 300, -65
42378, 186, 924, -154, 270, -62
42479, 135, 810, -131, 240, -56
42580, 84, 696, -108, 210, -48
42682, 33, 582, -84, 180, -39
42783, -18, 468, -61, 150, -29
42885, -69, 354, -38, 125, -19
42986, -120, 240, -15, 100, -9
43087, -105, 210, -13, 80, 0
43188, -90, 180, -11, 60, 6
43289, -75, 150, -9, 45, 11
43390, -60, 120, -8, 30, 14
43492, -45, 90, -6, 20, 15
43593, -30, 60, -4, 10, 12
43694, 0, 0, 0, 0, 8
43795, -15, 93, -1, 10, 2
43896, -30, 186, -1, 20, -2
43997, -45, 279, -2, 35, -5
44098, -60, 372, -3, 50, -4
44199, -75, 465, -3, 70, -1
44300, -90, 558, -4, 90, 4
44401, -105, 651, -4, 110, 8
44502, -120, 744, -5, 130, 13
44603, -132, 774, -16, 155, 16
44705, -144, 804, -28, 180, 19
44806, -156, 834, -39, 210, 22
44907, -168, 864, -50, 240, 24
45008, -180, 894, -61, 270, 27
45109, -192, 924, -73, 300, 29
45210, -204, 954, -84, 320, 31
45312, -216, 984, -95, 340, 34
45413, -153, 981, -102, 365, 35
45514, -90, 978, -109, 390, 33
45615, -27, 975, -116, 420, 28
45716, 36, 972, -123, 450, 22
45817, 99, 969, -129, 485, 14
45918, 162, 966, -136, 520, 3
46019, 225, 963, -143, 565, -9
46120, 288, 960, -150, 610, -22
46221, 255, 963, -189, 635, -34
46323, 222, 966, -229, 660, -44
46425, 189, 969, -268, 680, -52
46527, 156, 972, -308, 700, -59
46628, 123, 975, -347, 715, -63
46729, 90, 978, -386, 730, -65
46830, 57, 981, -426, 740, -64
46931, 24, 984, -465, 750, -61
47032, 30, 1023, -459, 770, -56
47133, 36, 1062, -453, 790, -49
47234, 42, 1101, -446, 800, -40
47335, 48, 1140, -440, 810, -31
47436, 54, 1179, -434, 815, -25
47537, 60, 1218, -428, 820, -21
47638, 66, 1257, -421, 825, -18
47739, 72, 1296, -415, 830, -19
47840, 60, 1290, -351, 840, -21
47941, 48, 1284, -288, 850, -21
48043, 36, 1278, -224, 855, -18
48144, 24, 1272, -160, 860, -15
48245, 12, 1266, -96, 865, -13
48346, 0, 1260, -33, 870, -10
48447, -12, 1254, 31, 880, -8
48548, -24, 1248, 95, 890, -5
48649, -24, 1248, 95, 890, -5
48750, -24, 1248, 95, 890, -5
48851, 9, 1233, 53, 875, -7
48952, 42, 1218, 10, 860, -11
49053, 75, 1203, -33, 840, -17
49154, 108, 1188, -75, 820, -23
49255, 141, 1173, -118, 795, -30
49356, 174, 1158, -160, 770, -36
49457, 207, 1143, -203, 735, -43
49558, 240, 1128, -245, 700, -49
49660, 246, 1131, -239, 650, -55
49762, 252, 1134, -234, 600, -59
49863, 258, 1137, -228, 555, -61
49964, 264, 1140, -223, 510, -63
50065, 270, 1143, -217, 450, -65
50166, 276, 1146, -211, 390, -66
50267, 282, 1149, -206, 360, -67
50368, 288, 1152, -200, 330, -68
50469, 237, 1038, -177, 300, -67
50570, 186, 924, -154, 270, -64
50671, 135, 810, -131, 240, -58
50772, 84, 696, -108, 210, -50
50874, 33, 582, -84, 180, -41
50975, -18, 468, -61, 150, -31
51076, -69, 354, -38, 125, -21
51177, -120, 240, -15, 100, -11
51278, -105, 210, -13, 80, -3
51379, -90, 180, -11, 60, 4
51480, -75, 150, -9, 45, 9
51581, -60, 120, -8, 30, 12
51682, -45, 90, -6, 20, 13
51783, -30, 60, -4, 10, 10
51884, 0, 0, 0, 0, 6
51985, -15, 93, -1, 10, 0
52086, -30, 186, -1, 20, -4
Emergency stop command received!
Ready for new commands (Type 'l' to start cycle).
