-------------------------------------
ng (cycle)
's': Emergency Stop and reset
cted single cycle time: 0m 8s 100ms
Available commands:
'l': Start continuous looping (cycle)
's': Emergency Stop and reset
-------------------------------------
4D Phantom Controller Initializing...
Expected single cycle time: 0m 8s 100ms
Available commands:
'l': Start continuous looping (cycle)
's': Emergency Stop and reset
Starting 4-axis synchronized cycle loop...
Time(ms), M1(SI) Target Steps, M2(Lat) Target Steps, M3(AP) Target Steps, M4(Chest) Target Steps, M3 Encoder Steps
2796, 0, 0, 0, 0, 0
2896, -5, 31, -1, 10, -2
2997, -10, 62, -1, 20, -6
3098, -15, 93, -2, 35, -11
3200, -20, 124, -3, 50, -17
3301, -25, 155, -3, 70, -23
3402, -30, 186, -4, 90, -29
3503, -35, 217, -4, 110, -35
3604, -40, 248, -5, 130, -41
3705, -44, 258, -16, 155, -47
3806, -48, 268, -28, 180, -51
3907, -52, 278, -39, 210, -54
4008, -56, 288, -50, 240, -56
4109, -60, 298, -61, 270, -59
4210, -64, 308, -73, 300, -61
4311, -68, 318, -84, 320, -63
4412, -72, 328, -95, 340, -65
4513, -51, 327, -102, 365, -66
4614, -30, 326, -109, 390, -65
4715, -9, 325, -116, 420, -65
4816, 12, 324, -123, 450, -65
4917, 33, 323, -129, 485, -65
5018, 54, 322, -136, 520, -65
5120, 75, 321, -143, 565, -64
5221, 96, 320, -150, 610, -64
5322, 85, 321, -189, 635, -64
5423, 74, 322, -229, 660, -64
5524, 63, 323, -268, 680, -64
5625, 52, 324, -308, 700, -65
5726, 41, 325, -347, 715, -65
5827, 30, 326, -386, 730, -65
5928, 19, 327, -426, 740, -65
6029, 8, 328, -465, 750, -65
6130, 10, 341, -459, 770, -67
6231, 12, 354, -453, 790, -70
6332, 14, 367, -446, 800, -72
6433, 16, 380, -440, 810, -75
6534, 18, 393, -434, 815, -77
6635, 20, 406, -428, 820, -80
6736, 22, 419, -421, 825, -83
6837, 24, 432, -415, 830, -85
6938, 20, 430, -351, 840, -86
7040, 16, 428, -288, 850, -85
7141, 12, 426, -224, 855, -84
7242, 8, 424, -160, 860, -84
7343, 4, 422, -96, 865, -84
7444, 0, 420, -33, 870, -83
7545, -4, 418, 31, 880, -83
7646, -8, 416, 95, 890, -82
7746, -8, 416, 95, 890, -82
7846, -8, 416, 95, 890, -82
7947, 3, 411, 53, 875, -81
8048, 14, 406, 10, 860, -80
8150, 25, 401, -33, 840, -80
8251, 36, 396, -75, 820, -78
8352, 47, 391, -118, 795, -77
8453, 58, 386, -160, 770, -77
8554, 69, 381, -203, 735, -76
8655, 80, 376, -245, 700, -74
8756, 82, 377, -239, 650, -74
8857, 84, 378, -234, 600, -75
8958, 86, 379, -228, 555, -75
9060, 88, 380, -223, 510, -75
9161, 90, 381, -217, 450, -75
9262, 92, 382, -211, 390, -75
9363, 94, 383, -206, 360, -76
9464, 96, 384, -200, 330, -76
9565, 79, 346, -177, 300, -74
9666, 62, 308, -154, 270, -70
9767, 45, 270, -131, 240, -64
9868, 28, 232, -108, 210, -57
9969, 11, 194, -84, 180, -50
10070, -6, 156, -61, 150, -43
10171, -23, 118, -38, 125, -35
10272, -40, 80, -15, 100, -28
10374, -35, 70, -13, 80, -21
10475, -30, 60, -11, 60, -16
10576, -25, 50, -9, 45, -12
10677, -20, 40, -8, 30, -9
10778, -15, 30, -6, 20, -6
10880, -10, 20, -4, 10, -4
10981, 0, 0, 0, 0, -1
11082, -5, 31, -1, 10, 1
11183, -10, 62, -1, 20, -1
11284, -15, 93, -2, 35, -5
11385, -20, 124, -3, 50, -11
11486, -25, 155, -3, 70, -18
11587, -30, 186, -4, 90, -25
11688, -35, 217, -4, 110, -32
11789, -40, 248, -5, 130, -39
11890, -44, 258, -16, 155, -44
11991, -48, 268, -28, 180, -49
12092, -52, 278, -39, 210, -53
12193, -56, 288, -50, 240, -55
12294, -60, 298, -61, 270, -58
12395, -64, 308, -73, 300, -60
12496, -68, 318, -84, 320, -62
12597, -72, 328, -95, 340, -64
12698, -51, 327, -102, 365, -65
12800, -30, 326, -109, 390, -64
12901, -9, 325, -116, 420, -64
13002, 12, 324, -123, 450, -64
13103, 33, 323, -129, 485, -64
13204, 54, 322, -136, 520, -64
13305, 75, 321, -143, 565, -63
13406, 96, 320, -150, 610, -63
13507, 85, 321, -189, 635, -63
13608, 74, 322, -229, 660, -63
13709, 63, 323, -268, 680, -63
13810, 52, 324, -308, 700, -64
13911, 41, 325, -347, 715, -64
14012, 30, 326, -386, 730, -64
14113, 19, 327, -426, 740, -64
14214, 8, 328, -465, 750, -64
14315, 10, 341, -459, 770, -66
14416, 12, 354, -453, 790, -69
14517, 14, 367, -446, 800, -71
14618, 16, 380, -440, 810, -74
14720, 18, 393, -434, 815, -76
14821, 20, 406, -428, 820, -79
14922, 22, 419, -421, 825, -82
15023, 24, 432, -415, 830, -84
15124, 20, 430, -351, 840, -85
15225, 16, 428, -288, 850, -84
15326, 12, 426, -224, 855, -83
15427, 8, 424, -160, 860, -83
15528, 4, 422, -96, 865, -83
15629, 0, 420, -33, 870, -82
15730, -4, 418, 31, 880, -82
15831, -8, 416, 95, 890, -81
15931, -8, 416, 95, 890, -81
16031, -8, 416, 95, 890, -81
16132, 3, 411, 53, 875, -80
16233, 14, 406, 10, 860, -79
16334, 25, 401, -33, 840, -79
16435, 36, 396, -75, 820, -77
16536, 47, 391, -118, 795, -76
16637, 58, 386, -160, 770, -76
16738, 69, 381, -203, 735, -75
16839, 80, 376, -245, 700, -73
16940, 82, 377, -239, 650, -73
17041, 84, 378, -234, 600, -74
17142, 86, 379, -228, 555, -74
17243, 88, 380, -223, 510, -74
17344, 90, 381, -217, 450, -74
17445, 92, 382, -211, 390, -74
17546, 94, 383, -206, 360, -75
17647, 96, 384, -200, 330, -75
17748, 79, 346, -177, 300, -73
17850, 62, 308, -154, 270, -69
17951, 45, 270, -131, 240, -63
18052, 28, 232, -108, 210, -56
18153, 11, 194, -84, 180, -49
18254, -6, 156, -61, 150, -42
18355, -23, 118, -38, 125, -34
18456, -40, 80, -15, 100, -27
18557, -35, 70, -13, 80, -20
18658, -30, 60, -11, 60, -15
18759, -25, 50, -9, 45, -11
18860, -20, 40, -8, 30, -8
18961, -15, 30, -6, 20, -5
19062, -10, 20, -4, 10, -3
19163, 0, 0, 0, 0, 0
19264, -5, 31, -1, 10, 2
19365, -10, 62, -1, 20, 1
19466, -15, 93, -2, 35, -3
19567, -20, 124, -3, 50, -9
19668, -25, 155, -3, 70, -17
19770, -30, 186, -4, 90, -24
19871, -35, 217, -4, 110, -31
19972, -40, 248, -5, 130, -38
20073, -44, 258, -16, 155, -43
20174, -48, 268, -28, 180, -48
20275, -52, 278, -39, 210, -52
20376, -56, 288, -50, 240, -54
20477, -60, 298, -61, 270, -57
20578, -64, 308, -73, 300, -59
20679, -68, 318, -84, 320, -61
20780, -72, 328, -95, 340, -63
20881, -51, 327, -102, 365, -63
20982, -30, 326, -109, 390, -62
21083, -9, 325, -116, 420, -62
21184, 12, 324, -123, 450, -62
21285, 33, 323, -129, 485, -62
21386, 54, 322, -136, 520, -62
21487, 75, 321, -143, 565, -61
21588, 96, 320, -150, 610, -61
21690, 85, 321, -189, 635, -61
21791, 74, 322, -229, 660, -61
21892, 63, 323, -268, 680, -61
21993, 52, 324, -308, 700, -62
22094, 41, 325, -347, 715, -62
22195, 30, 326, -386, 730, -62
22296, 19, 327, -426, 740, -62
22397, 8, 328, -465, 750, -62
22498, 10, 341, -459, 770, -64
22600, 12, 354, -453, 790, -67
22701, 14, 367, -446, 800, -69
22802, 16, 380, -440, 810, -72
22903, 18, 393, -434, 815, -74
23004, 20, 406, -428, 820, -77
23105, 22, 419, -421, 825, -80
23206, 24, 432, -415, 830, -82
23307, 20, 430, -351, 840, -83
23408, 16, 428, -288, 850, -82
23510, 12, 426, -224, 855, -81
23611, 8, 424, -160, 860, -81
23712, 4, 422, -96, 865, -81
23813, 0, 420, -33, 870, -80
23914, -4, 418, 31, 880, -80
24015, -8, 416, 95, 890, -79
24115, -8, 416, 95, 890, -79
24216, -8, 416, 95, 890, -79
24317, 3, 411, 53, 875, -78
24418, 14, 406, 10, 860, -77
24519, 25, 401, -33, 840, -77
24620, 36, 396, -75, 820, -75
24721, 47, 391, -118, 795, -74
24822, 58, 386, -160, 770, -74
24923, 69, 381, -203, 735, -73
25024, 80, 376, -245, 700, -71
25125, 82, 377, -239, 650, -71
25226, 84, 378, -234, 600, -72
25327, 86, 379, -228, 555, -72
25428, 88, 380, -223, 510, -72
25530, 90, 381, -217, 450, -72
25631, 92, 382, -211, 390, -72
25732, 94, 383, -206, 360, -73
25833, 96, 384, -200, 330, -73
25934, 79, 346, -177, 300, -71
26035, 62, 308, -154, 270, -67
26137, 45, 270, -131, 240, -61
26238, 28, 232, -108, 210, -54
26340, 11, 194, -84, 180, -47
26441, -6, 156, -61, 150, -40
26542, -23, 118, -38, 125, -32
26643, -40, 80, -15, 100, -25
26744, -35, 70, -13, 80, -18
26845, -30, 60, -11, 60, -13
26946, -25, 50, -9, 45, -9
27047, -20, 40, -8, 30, -6
27148, -15, 30, -6, 20, -3
27249, -10, 20, -4, 10, -1
27350, 0, 0, 0, 0, 2
27451, -5, 31, -1, 10, 4
27552, -10, 62, -1, 20, 2
27653, -15, 93, -2, 35, -2
27754, -20, 124, -3, 50, -8
27855, -25, 155, -3, 70, -15
27956, -30, 186, -4, 90, -22
28057, -35, 217, -4, 110, -29
28158, -40, 248, -5, 130, -36
28260, -44, 258, -16, 155, -42
28361, -48, 268, -28, 180, -46
28462, -52, 278, -39, 210, -50
28563, -56, 288, -50, 240, -52
28664, -60, 298, -61, 270, -55
28765, -64, 308, -73, 300, -57
28866, -68, 318, -84, 320, -59
28967, -72, 328, -95, 340, -61
29068, -51, 327, -102, 365, -61
29169, -30, 326, -109, 390, -60
29270, -9, 325, -116, 420, -60
29371, 12, 324, -123, 450, -60
29472, 33, 323, -129, 485, -60
29573, 54, 322, -136, 520, -60
29674, 75, 321, -143, 565, -59
29775, 96, 320, -150, 610, -59
29876, 85, 321, -189, 635, -59
29977, 74, 322, -229, 660, -59
30078, 63, 323, -268, 680, -59
30180, 52, 324, -308, 700, -60
30281, 41, 325, -347, 715, -60
30382, 30, 326, -386, 730, -60
30483, 19, 327, -426, 740, -60
30584, 8, 328, -465, 750, -60
30685, 10, 341, -459, 770, -62
30786, 12, 354, -453, 790, -65
30887, 14, 367, -446, 800, -67
30988, 16, 380, -440, 810, -70
31089, 18, 393, -434, 815, -72
31190, 20, 406, -428, 820, -75
31291, 22, 419, -421, 825, -78
31392, 24, 432, -415, 830, -80
31493, 20, 430, -351, 840, -81
31594, 16, 428, -288, 850, -80
31695, 12, 426, -224, 855, -79
31796, 8, 424, -160, 860, -79
31897, 4, 422, -96, 865, -79
31998, 0, 420, -33, 870, -78
32100, -4, 418, 31, 880, -78
32201, -8, 416, 95, 890, -77
32301, -8, 416, 95, 890, -77
32401, -8, 416, 95, 890, -77
32502, 3, 411, 53, 875, -76
32603, 14, 406, 10, 860, -75
32704, 25, 401, -33, 840, -75
32805, 36, 396, -75, 820, -73
32906, 47, 391, -118, 795, -72
33007, 58, 386, -160, 770, -72
33108, 69, 381, -203, 735, -71
33210, 80, 376, -245, 700, -69
33311, 82, 377, -239, 650, -69
33412, 84, 378, -234, 600, -70
33513, 86, 379, -228, 555, -70
33614, 88, 380, -223, 510, -70
33715, 90, 381, -217, 450, -70
33816, 92, 382, -211, 390, -70
33917, 94, 383, -206, 360, -71
34018, 96, 384, -200, 330, -71
34119, 79, 346, -177, 300, -69
34220, 62, 308, -154, 270, -65
34321, 45, 270, -131, 240, -59
34423, 28, 232, -108, 210, -52
34524, 11, 194, -84, 180, -45
34625, -6, 156, -61, 150, -38
34726, -23, 118, -38, 125, -30
34827, -40, 80, -15, 100, -23
34928, -35, 70, -13, 80, -16
35030, -30, 60, -11, 60, -11
35131, -25, 50, -9, 45, -7
35232, -20, 40, -8, 30, -4
35333, -15, 30, -6, 20, -1
35434, -10, 20, -4, 10, 1
35535, 0, 0, 0, 0, 4
35636, -5, 31, -1, 10, 6
35737, -10, 62, -1, 20, 4
35838, -15, 93, -2, 35, 0
35940, -20, 124, -3, 50, -6
36041, -25, 155, -3, 70, -13
36142, -30, 186, -4, 90, -20
36243, -35, 217, -4, 110, -27
36344, -40, 248, -5, 130, -34
36445, -44, 258, -16, 155, -40
36546, -48, 268, -28, 180, -44
36647, -52, 278, -39, 210, -48
36748, -56, 288, -50, 240, -50
36849, -60, 298, -61, 270, -53
36950, -64, 308, -73, 300, -55
37051, -68, 318, -84, 320, -57
37152, -72, 328, -95, 340, -59
37253, -51, 327, -102, 365, -59
37354, -30, 326, -109, 390, -58
37455, -9, 325, -116, 420, -58
37556, 12, 324, -123, 450, -58
37657, 33, 323, -129, 485, -58
37758, 54, 322, -136, 520, -58
37860, 75, 321, -143, 565, -57
37961, 96, 320, -150, 610, -57
38062, 85, 321, -189, 635, -57
38163, 74, 322, -229, 660, -57
38264, 63, 323, -268, 680, -57
38365, 52, 324, -308, 700, -58
38466, 41, 325, -347, 715, -58
38567, 30, 326, -386, 730, -58
38668, 19, 327, -426, 740, -58
38769, 8, 328, -465, 750, -58
38870, 10, 341, -459, 770, -60
38971, 12, 354, -453, 790, -63
39072, 14, 367, -446, 800, -65
39173, 16, 380, -440, 810, -68
39274, 18, 393, -434, 815, -70
39375, 20, 406, -428, 820, -73
39476, 22, 419, -421, 825, -76
39577, 24, 432, -415, 830, -78
39678, 20, 430, -351, 840, -79
39780, 16, 428, -288, 850, -78
39881, 12, 426, -224, 855, -77
39982, 8, 424, -160, 860, -77
40083, 4, 422, -96, 865, -77
40184, 0, 420, -33, 870, -76
40285, -4, 418, 31, 880, -76
40386, -8, 416, 95, 890, -75
40487, -8, 416, 95, 890, -75
40588, -8, 416, 95, 890, -75
40689, 3, 411, 53, 875, -74
40790, 14, 406, 10, 860, -73
40891, 25, 401, -33, 840, -73
40992, 36, 396, -75, 820, -71
41093, 47, 391, -118, 795, -70
41194, 58, 386, -160, 770, -70
41295, 69, 381, -203, 735, -69
41397, 80, 376, -245, 700, -67
41498, 82, 377, -239, 650, -67
41600, 84, 378, -234, 600, -68
41701, 86, 379, -228, 555, -68
41802, 88, 380, -223, 510, -68
41903, 90, 381, -217, 450, -68
42004, 92, 382, -211, 390, -68
42105, 94, 383, -206, 360, -69
42206, 96, 384, -200, 330, -69
42307, 79, 346, -177, 300, -67
42408, 62, 308, -154, 270, -63
42509, 45, 270, -131, 240, -57
42611, 28, 232, -108, 210, -50
42712, 11, 194, -84, 180, -43
42813, -6, 156, -61, 150, -36
42914, -23, 118, -38, 125, -28
43015, -40, 80, -15, 100, -21
43116, -35, 70, -13, 80, -14
43217, -30, 60, -11, 60, -9
43318, -25, 50, -9, 45, -5
43419, -20, 40, -8, 30, -2
43520, -15, 30, -6, 20, 1
43621, -10, 20, -4, 10, 3
43722, 0, 0, 0, 0, 6
43823, -5, 31, -1, 10, 8
43924, -10, 62, -1, 20, 7
44025, -15, 93, -2, 35, 3
44126, -20, 124, -3, 50, -3
44227, -25, 155, -3, 70, -11
44328, -30, 186, -4, 90, -18
44429, -35, 217, -4, 110, -25
44530, -40, 248, -5, 130, -32
44631, -44, 258, -16, 155, -37
44732, -48, 268, -28, 180, -42
44833, -52, 278, -39, 210, -46
44934, -56, 288, -50, 240, -48
45035, -60, 298, -61, 270, -51
45136, -64, 308, -73, 300, -53
45237, -68, 318, -84, 320, -55
45338, -72, 328, -95, 340, -57
45440, -51, 327, -102, 365, -57
45541, -30, 326, -109, 390, -56
45642, -9, 325, -116, 420, -56
45743, 12, 324, -123, 450, -56
45844, 33, 323, -129, 485, -56
45945, 54, 322, -136, 520, -56
46046, 75, 321, -143, 565, -55
46147, 96, 320, -150, 610, -55
46248, 85, 321, -189, 635, -55
46349, 74, 322, -229, 660, -55
46450, 63, 323, -268, 680, -55
46551, 52, 324, -308, 700, -56
46652, 41, 325, -347, 715, -56
46753, 30, 326, -386, 730, -56
46854, 19, 327, -426, 740, -56
46955, 8, 328, -465, 750, -56
47056, 10, 341, -459, 770, -58
47157, 12, 354, -453, 790, -61
47258, 14, 367, -446, 800, -63
47360, 16, 380, -440, 810, -66
47461, 18, 393, -434, 815, -68
47562, 20, 406, -428, 820, -71
47663, 22, 419, -421, 825, -74
47764, 24, 432, -415, 830, -76
47865, 20, 430, -351, 840, -77
47966, 16, 428, -288, 850, -76
48067, 12, 426, -224, 855, -75
48168, 8, 424, -160, 860, -75
48269, 4, 422, -96, 865, -75
48370, 0, 420, -33, 870, -74
48471, -4, 418, 31, 880, -74
48572, -8, 416, 95, 890, -73
48673, -8, 416, 95, 890, -73
48773, -8, 416, 95, 890, -73
48874, 3, 411, 53, 875, -72
48975, 14, 406, 10, 860, -71
49076, 25, 401, -33, 840, -71
49177, 36, 396, -75, 820, -69
49278, 47, 391, -118, 795, -68
49380, 58, 386, -160, 770, -67
49481, 69, 381, -203, 735, -67
49582, 80, 376, -245, 700, -65
49683, 82, 377, -239, 650, -65
49784, 84, 378, -234, 600, -66
49885, 86, 379, -228, 555, -66
49986, 88, 380, -223, 510, -66
50087, 90, 381, -217, 450, -66
50188, 92, 382, -211, 390, -66
50289, 94, 383, -206, 360, -67
50390, 96, 384, -200, 330, -67
50491, 79, 346, -177, 300, -65
50592, 62, 308, -154, 270, -61
50693, 45, 270, -131, 240, -55
50795, 28, 232, -108, 210, -48
50897, 11, 194, -84, 180, -41
50998, -6, 156, -61, 150, -34
51099, -23, 118, -38, 125, -26
51200, -40, 80, -15, 100, -19
51301, -35, 70, -13, 80, -12
51402, -30, 60, -11, 60, -7
51503, -25, 50, -9, 45, -3
51604, -20, 40, -8, 30, 0
51705, -15, 30, -6, 20, 3
51806, -10, 20, -4, 10, 5
51907, 0, 0, 0, 0, 8
52008, -5, 31, -1, 10, 10
52109, -10, 62, -1, 20, 9
52210, -15, 93, -2, 35, 5
Emergency stop command received!
Ready for new commands (Type 'l' to start cycle).


============================
para 1.5

-----------------------continuous looping (cycle)
's': Emergency Stop and reset
cted single cycle time: 0m 8s 100ms
Available commands:
'l': Start continuous looping (cycle)
's': Emergency Stop and reset
-------------------------------------
4D Phantom Controller Initializing...
Expected single cycle time: 0m 8s 100ms
Available commands:
'l': Start continuous looping (cycle)
's': Emergency Stop and reset
Starting 4-axis synchronized cycle loop...
Time(ms), M1(SI) Target Steps, M2(Lat) Target Steps, M3(AP) Target Steps, M4(Chest) Target Steps, M3 Encoder Steps
3507, 0, 0, 0, 0, 0
3607, -15, 93, -1, 10, -2
3708, -30, 186, -1, 20, -6
3809, -45, 279, -2, 35, -12
3910, -60, 372, -3, 50, -20
4011, -75, 465, -3, 70, -30
4112, -90, 558, -4, 90, -42
4213, -105, 651, -4, 110, -56
4314, -120, 744, -5, 130, -72
4415, -132, 774, -16, 155, -88
4516, -144, 804, -28, 180, -104
4618, -156, 834, -39, 210, -118
4720, -168, 864, -50, 240, -132
4822, -180, 894, -61, 270, -144
4923, -192, 924, -73, 300, -155
5024, -204, 954, -84, 320, -166
5125, -216, 984, -95, 340, -176
5226, -153, 981, -102, 365, -184
5327, -90, 978, -109, 390, -190
5428, -27, 975, -116, 420, -194
5529, 36, 972, -123, 450, -196
5630, 99, 969, -129, 485, -195
5732, 162, 966, -136, 520, -193
5833, 225, 963, -143, 565, -193
5934, 288, 960, -150, 610, -192
6035, 255, 963, -189, 635, -193
6136, 222, 966, -229, 660, -193
6237, 189, 969, -268, 680, -194
6338, 156, 972, -308, 700, -195
6439, 123, 975, -347, 715, -195
6540, 90, 978, -386, 730, -196
6641, 57, 981, -426, 740, -196
6742, 24, 984, -465, 750, -197
6843, 30, 1023, -459, 770, -199
6944, 36, 1062, -453, 790, -203
7045, 42, 1101, -446, 800, -209
7146, 48, 1140, -440, 810, -216
7248, 54, 1179, -434, 815, -224
7349, 60, 1218, -428, 820, -231
7450, 66, 1257, -421, 825, -239
7552, 72, 1296, -415, 830, -246
7653, 60, 1290, -351, 840, -252
7754, 48, 1284, -288, 850, -256
7855, 36, 1278, -224, 855, -258
7956, 24, 1272, -160, 860, -258
8057, 12, 1266, -96, 865, -255
8158, 0, 1260, -33, 870, -253
8259, -12, 1254, 31, 880, -251
8360, -24, 1248, 95, 890, -250
8461, -24, 1248, 95, 890, -250
8562, -24, 1248, 95, 890, -250
8663, 9, 1233, 53, 875, -248
8764, 42, 1218, 10, 860, -246
8865, 75, 1203, -33, 840, -243
8966, 108, 1188, -75, 820, -240
9067, 141, 1173, -118, 795, -237
9168, 174, 1158, -160, 770, -234
9269, 207, 1143, -203, 735, -231
9370, 240, 1128, -245, 700, -228
9472, 246, 1131, -239, 650, -226
9573, 252, 1134, -234, 600, -227
9674, 258, 1137, -228, 555, -228
9775, 264, 1140, -223, 510, -228
9876, 270, 1143, -217, 450, -229
9977, 276, 1146, -211, 390, -229
10078, 282, 1149, -206, 360, -230
10179, 288, 1152, -200, 330, -231
10280, 237, 1038, -177, 300, -229
10381, 186, 924, -154, 270, -225
10483, 135, 810, -131, 240, -219
10584, 84, 696, -108, 210, -212
10685, 33, 582, -84, 180, -202
10786, -18, 468, -61, 150, -191
10887, -69, 354, -38, 125, -178
10988, -120, 240, -15, 100, -163
11089, -105, 210, -13, 80, -146
11190, -90, 180, -11, 60, -128
11291, -75, 150, -9, 45, -110
11392, -60, 120, -8, 30, -93
11493, -45, 90, -6, 20, -77
11594, -30, 60, -4, 10, -62
11695, 0, 0, 0, 0, -48
11796, -15, 93, -1, 10, -36
11897, -30, 186, -1, 20, -25
11998, -45, 279, -2, 35, -17
12099, -60, 372, -3, 50, -10
12200, -75, 465, -3, 70, -5
12301, -90, 558, -4, 90, -2
12402, -105, 651, -4, 110, -1
12503, -120, 744, -5, 130, -4
12604, -132, 774, -16, 155, -8
12705, -144, 804, -28, 180, -15
12806, -156, 834, -39, 210, -23
12907, -168, 864, -50, 240, -34
13008, -180, 894, -61, 270, -46
13109, -192, 924, -73, 300, -60
13210, -204, 954, -84, 320, -76
13312, -216, 984, -95, 340, -94
13413, -153, 981, -102, 365, -113
13514, -90, 978, -109, 390, -130
13615, -27, 975, -116, 420, -144
13716, 36, 972, -123, 450, -157
13818, 99, 969, -129, 485, -168
13920, 162, 966, -136, 520, -177
14021, 225, 963, -143, 565, -185
14123, 288, 960, -150, 610, -190
14225, 255, 963, -189, 635, -193
14326, 222, 966, -229, 660, -195
14427, 189, 969, -268, 680, -194
14528, 156, 972, -308, 700, -195
14629, 123, 975, -347, 715, -195
14730, 90, 978, -386, 730, -196
14831, 57, 981, -426, 740, -196
14932, 24, 984, -465, 750, -197
15034, 30, 1023, -459, 770, -199
15135, 36, 1062, -453, 790, -203
15236, 42, 1101, -446, 800, -209
15337, 48, 1140, -440, 810, -216
15439, 54, 1179, -434, 815, -224
15540, 60, 1218, -428, 820, -231
15641, 66, 1257, -421, 825, -239
15742, 72, 1296, -415, 830, -246
15844, 60, 1290, -351, 840, -252
15945, 48, 1284, -288, 850, -256
16046, 36, 1278, -224, 855, -258
16147, 24, 1272, -160, 860, -258
16248, 12, 1266, -96, 865, -255
16349, 0, 1260, -33, 870, -253
16450, -12, 1254, 31, 880, -251
16552, -24, 1248, 95, 890, -250
16653, -24, 1248, 95, 890, -250
16754, -24, 1248, 95, 890, -250
16855, 9, 1233, 53, 875, -248
16956, 42, 1218, 10, 860, -246
17057, 75, 1203, -33, 840, -243
17158, 108, 1188, -75, 820, -240
17259, 141, 1173, -118, 795, -237
17360, 174, 1158, -160, 770, -234
17462, 207, 1143, -203, 735, -231
17563, 240, 1128, -245, 700, -228
17665, 246, 1131, -239, 650, -226
17766, 252, 1134, -234, 600, -227
17867, 258, 1137, -228, 555, -228
17968, 264, 1140, -223, 510, -228
18069, 270, 1143, -217, 450, -229
18170, 276, 1146, -211, 390, -229
18271, 282, 1149, -206, 360, -230
18372, 288, 1152, -200, 330, -231
18473, 237, 1038, -177, 300, -229
18575, 186, 924, -154, 270, -225
18676, 135, 810, -131, 240, -219
18777, 84, 696, -108, 210, -212
18878, 33, 582, -84, 180, -202
18979, -18, 468, -61, 150, -191
19080, -69, 354, -38, 125, -178
19182, -120, 240, -15, 100, -163
19283, -105, 210, -13, 80, -146
19384, -90, 180, -11, 60, -128
19485, -75, 150, -9, 45, -110
19586, -60, 120, -8, 30, -93
19687, -45, 90, -6, 20, -77
19788, -30, 60, -4, 10, -62
19889, 0, 0, 0, 0, -48
19990, -15, 93, -1, 10, -36
20091, -30, 186, -1, 20, -25
20192, -45, 279, -2, 35, -16
20293, -60, 372, -3, 50, -10
20395, -75, 465, -3, 70, -5
20496, -90, 558, -4, 90, -2
20597, -105, 651, -4, 110, -1
20698, -120, 744, -5, 130, -4
20799, -132, 774, -16, 155, -8
20900, -144, 804, -28, 180, -15
21001, -156, 834, -39, 210, -24
21102, -168, 864, -50, 240, -34
21203, -180, 894, -61, 270, -46
21306, -192, 924, -73, 300, -61
21407, -204, 954, -84, 320, -77
21508, -216, 984, -95, 340, -95
21610, -153, 981, -102, 365, -113
21711, -90, 978, -109, 390, -130
21812, -27, 975, -116, 420, -145
21913, 36, 972, -123, 450, -157
22014, 99, 969, -129, 485, -168
22116, 162, 966, -136, 520, -177
22217, 225, 963, -143, 565, -185
22318, 288, 960, -150, 610, -190
22420, 255, 963, -189, 635, -193
22522, 222, 966, -229, 660, -195
22623, 189, 969, -268, 680, -194
22724, 156, 972, -308, 700, -195
22825, 123, 975, -347, 715, -195
22927, 90, 978, -386, 730, -196
23028, 57, 981, -426, 740, -196
23130, 24, 984, -465, 750, -197
23231, 30, 1023, -459, 770, -199
23332, 36, 1062, -453, 790, -203
23433, 42, 1101, -446, 800, -209
23534, 48, 1140, -440, 810, -216
23635, 54, 1179, -434, 815, -223
23736, 60, 1218, -428, 820, -231
23838, 66, 1257, -421, 825, -239
23939, 72, 1296, -415, 830, -246
24040, 60, 1290, -351, 840, -252
24141, 48, 1284, -288, 850, -256
24242, 36, 1278, -224, 855, -258
24343, 24, 1272, -160, 860, -258
24444, 12, 1266, -96, 865, -255
24545, 0, 1260, -33, 870, -253
24646, -12, 1254, 31, 880, -251
24747, -24, 1248, 95, 890, -250
24848, -24, 1248, 95, 890, -250
24949, -24, 1248, 95, 890, -250
25050, 9, 1233, 53, 875, -248
25151, 42, 1218, 10, 860, -246
25252, 75, 1203, -33, 840, -243
25353, 108, 1188, -75, 820, -240
25454, 141, 1173, -118, 795, -237
25555, 174, 1158, -160, 770, -234
25658, 207, 1143, -203, 735, -231
25759, 240, 1128, -245, 700, -228
25860, 246, 1131, -239, 650, -226
25961, 252, 1134, -234, 600, -227
26062, 258, 1137, -228, 555, -228
26163, 264, 1140, -223, 510, -228
26264, 270, 1143, -217, 450, -229
26365, 276, 1146, -211, 390, -229
26466, 282, 1149, -206, 360, -230
26567, 288, 1152, -200, 330, -231
26668, 237, 1038, -177, 300, -229
26769, 186, 924, -154, 270, -225
26870, 135, 810, -131, 240, -219
26971, 84, 696, -108, 210, -212
27072, 33, 582, -84, 180, -202
27174, -18, 468, -61, 150, -191
27275, -69, 354, -38, 125, -178
27377, -120, 240, -15, 100, -163
27478, -105, 210, -13, 80, -146
27580, -90, 180, -11, 60, -128
27681, -75, 150, -9, 45, -110
27782, -60, 120, -8, 30, -93
27883, -45, 90, -6, 20, -77
27984, -30, 60, -4, 10, -62
28085, 0, 0, 0, 0, -48
28186, -15, 93, -1, 10, -36
28288, -30, 186, -1, 20, -25
28389, -45, 279, -2, 35, -16
28490, -60, 372, -3, 50, -10
28591, -75, 465, -3, 70, -5
28692, -90, 558, -4, 90, -2
28793, -105, 651, -4, 110, -1
28894, -120, 744, -5, 130, -4
28995, -132, 774, -16, 155, -8
29096, -144, 804, -28, 180, -15
29197, -156, 834, -39, 210, -24
29298, -168, 864, -50, 240, -34
29399, -180, 894, -61, 270, -47
29500, -192, 924, -73, 300, -61
29602, -204, 954, -84, 320, -77
29704, -216, 984, -95, 340, -95
29805, -153, 981, -102, 365, -114
29906, -90, 978, -109, 390, -130
30008, -27, 975, -116, 420, -145
30109, 36, 972, -123, 450, -157
30210, 99, 969, -129, 485, -168
30311, 162, 966, -136, 520, -177
30412, 225, 963, -143, 565, -185
30513, 288, 960, -150, 610, -190
30614, 255, 963, -189, 635, -193
30715, 222, 966, -229, 660, -195
30816, 189, 969, -268, 680, -194
30917, 156, 972, -308, 700, -195
31019, 123, 975, -347, 715, -195
31120, 90, 978, -386, 730, -196
31221, 57, 981, -426, 740, -196
31322, 24, 984, -465, 750, -197
31423, 30, 1023, -459, 770, -199
31524, 36, 1062, -453, 790, -203
31625, 42, 1101, -446, 800, -209
31726, 48, 1140, -440, 810, -216
31827, 54, 1179, -434, 815, -224
31928, 60, 1218, -428, 820, -231
32030, 66, 1257, -421, 825, -239
32131, 72, 1296, -415, 830, -246
32232, 60, 1290, -351, 840, -252
32334, 48, 1284, -288, 850, -256
32435, 36, 1278, -224, 855, -258
32536, 24, 1272, -160, 860, -258
32637, 12, 1266, -96, 865, -255
32738, 0, 1260, -33, 870, -253
32839, -12, 1254, 31, 880, -251
32940, -24, 1248, 95, 890, -250
33041, -24, 1248, 95, 890, -250
33142, -24, 1248, 95, 890, -250
33243, 9, 1233, 53, 875, -248
33344, 42, 1218, 10, 860, -246
33445, 75, 1203, -33, 840, -243
33546, 108, 1188, -75, 820, -240
33647, 141, 1173, -118, 795, -237
33750, 174, 1158, -160, 770, -234
33851, 207, 1143, -203, 735, -231
33952, 240, 1128, -245, 700, -228
34054, 246, 1131, -239, 650, -226
34156, 252, 1134, -234, 600, -227
34257, 258, 1137, -228, 555, -228
34358, 264, 1140, -223, 510, -228
34459, 270, 1143, -217, 450, -229
34560, 276, 1146, -211, 390, -229
34661, 282, 1149, -206, 360, -230
34762, 288, 1152, -200, 330, -231
34863, 237, 1038, -177, 300, -229
34964, 186, 924, -154, 270, -225
35065, 135, 810, -131, 240, -219
35166, 84, 696, -108, 210, -212
35267, 33, 582, -84, 180, -202
35368, -18, 468, -61, 150, -191
35469, -69, 354, -38, 125, -178
35570, -120, 240, -15, 100, -163
35671, -105, 210, -13, 80, -146
35772, -90, 180, -11, 60, -128
35873, -75, 150, -9, 45, -110
35974, -60, 120, -8, 30, -93
36075, -45, 90, -6, 20, -77
36176, -30, 60, -4, 10, -62
36277, 0, 0, 0, 0, -48
36378, -15, 93, -1, 10, -36
36480, -30, 186, -1, 20, -25
36581, -45, 279, -2, 35, -16
36682, -60, 372, -3, 50, -10
36783, -75, 465, -3, 70, -5
36884, -90, 558, -4, 90, -2
36985, -105, 651, -4, 110, -1
37086, -120, 744, -5, 130, -4
37187, -132, 774, -16, 155, -8
37288, -144, 804, -28, 180, -15
37389, -156, 834, -39, 210, -24
37490, -168, 864, -50, 240, -34
37591, -180, 894, -61, 270, -46
37692, -192, 924, -73, 300, -61
37793, -204, 954, -84, 320, -77
37894, -216, 984, -95, 340, -95
37995, -153, 981, -102, 365, -113
38097, -90, 978, -109, 390, -130
38198, -27, 975, -116, 420, -144
38299, 36, 972, -123, 450, -157
38400, 99, 969, -129, 485, -168
38501, 162, 966, -136, 520, -177
38602, 225, 963, -143, 565, -185
38703, 288, 960, -150, 610, -190
38804, 255, 963, -189, 635, -193
38905, 222, 966, -229, 660, -195
39006, 189, 969, -268, 680, -194
39107, 156, 972, -308, 700, -195
39208, 123, 975, -347, 715, -195
39309, 90, 978, -386, 730, -196
39410, 57, 981, -426, 740, -196
39511, 24, 984, -465, 750, -197
39612, 30, 1023, -459, 770, -199
39713, 36, 1062, -453, 790, -203
39814, 42, 1101, -446, 800, -209
39915, 48, 1140, -440, 810, -216
40016, 54, 1179, -434, 815, -223
40117, 60, 1218, -428, 820, -231
40218, 66, 1257, -421, 825, -239
40320, 72, 1296, -415, 830, -246
40421, 60, 1290, -351, 840, -252
40522, 48, 1284, -288, 850, -256
40623, 36, 1278, -224, 855, -258
40724, 24, 1272, -160, 860, -258
40825, 12, 1266, -96, 865, -255
40926, 0, 1260, -33, 870, -253
41027, -12, 1254, 31, 880, -251
41128, -24, 1248, 95, 890, -250
41229, -24, 1248, 95, 890, -250
41330, -24, 1248, 95, 890, -250
41431, 9, 1233, 53, 875, -248
41532, 42, 1218, 10, 860, -246
41633, 75, 1203, -33, 840, -243
41734, 108, 1188, -75, 820, -240
41835, 141, 1173, -118, 795, -237
41936, 174, 1158, -160, 770, -234
42037, 207, 1143, -203, 735, -231
42138, 240, 1128, -245, 700, -228
42240, 246, 1131, -239, 650, -226
42342, 252, 1134, -234, 600, -227
42443, 258, 1137, -228, 555, -228
42544, 264, 1140, -223, 510, -228
42646, 270, 1143, -217, 450, -229
42747, 276, 1146, -211, 390, -229
42848, 282, 1149, -206, 360, -230
42949, 288, 1152, -200, 330, -231
43051, 237, 1038, -177, 300, -229
43152, 186, 924, -154, 270, -225
43253, 135, 810, -131, 240, -219
43354, 84, 696, -108, 210, -212
43455, 33, 582, -84, 180, -202
43557, -18, 468, -61, 150, -191
43658, -69, 354, -38, 125, -178
43759, -120, 240, -15, 100, -163
43860, -105, 210, -13, 80, -146
43963, -90, 180, -11, 60, -127
44065, -75, 150, -9, 45, -109
44166, -60, 120, -8, 30, -92
44267, -45, 90, -6, 20, -76
44368, -30, 60, -4, 10, -62
44469, 0, 0, 0, 0, -48
44570, -15, 93, -1, 10, -35
44672, -30, 186, -1, 20, -25
44773, -45, 279, -2, 35, -16
44874, -60, 372, -3, 50, -9
44975, -75, 465, -3, 70, -5
45076, -90, 558, -4, 90, -2
45177, -105, 651, -4, 110, -1
45278, -120, 744, -5, 130, -4
45379, -132, 774, -16, 155, -9
45480, -144, 804, -28, 180, -16
45581, -156, 834, -39, 210, -24
45682, -168, 864, -50, 240, -35
45784, -180, 894, -61, 270, -48
45886, -192, 924, -73, 300, -63
45987, -204, 954, -84, 320, -79
46088, -216, 984, -95, 340, -97
46189, -153, 981, -102, 365, -114
46291, -90, 978, -109, 390, -131
46392, -27, 975, -116, 420, -146
46493, 36, 972, -123, 450, -158
46594, 99, 969, -129, 485, -169
46695, 162, 966, -136, 520, -178
46796, 225, 963, -143, 565, -184
46897, 288, 960, -150, 610, -190
46998, 255, 963, -189, 635, -193
47099, 222, 966, -229, 660, -194
47201, 189, 969, -268, 680, -193
47302, 156, 972, -308, 700, -194
47403, 123, 975, -347, 715, -194
47504, 90, 978, -386, 730, -195
47605, 57, 981, -426, 740, -195
47706, 24, 984, -465, 750, -196
47807, 30, 1023, -459, 770, -198
47908, 36, 1062, -453, 790, -202
48009, 42, 1101, -446, 800, -208
48110, 48, 1140, -440, 810, -215
48211, 54, 1179, -434, 815, -222
48312, 60, 1218, -428, 820, -230
48413, 66, 1257, -421, 825, -238
48514, 72, 1296, -415, 830, -245
48615, 60, 1290, -351, 840, -251
48717, 48, 1284, -288, 850, -255
48818, 36, 1278, -224, 855, -257
48919, 24, 1272, -160, 860, -257
49020, 12, 1266, -96, 865, -254
49121, 0, 1260, -33, 870, -252
49222, -12, 1254, 31, 880, -250
49323, -24, 1248, 95, 890, -249
49424, -24, 1248, 95, 890, -249
49525, -24, 1248, 95, 890, -249
49626, 9, 1233, 53, 875, -247
49727, 42, 1218, 10, 860, -245
49828, 75, 1203, -33, 840, -242
49929, 108, 1188, -75, 820, -239
50030, 141, 1173, -118, 795, -236
50132, 174, 1158, -160, 770, -233
50234, 207, 1143, -203, 735, -230
50335, 240, 1128, -245, 700, -227
50436, 246, 1131, -239, 650, -225
50537, 252, 1134, -234, 600, -226
50638, 258, 1137, -228, 555, -227
50739, 264, 1140, -223, 510, -227
50840, 270, 1143, -217, 450, -228
50941, 276, 1146, -211, 390, -228
51042, 282, 1149, -206, 360, -229
51143, 288, 1152, -200, 330, -230
51244, 237, 1038, -177, 300, -228
51345, 186, 924, -154, 270, -224
51446, 135, 810, -131, 240, -218
51547, 84, 696, -108, 210, -211
51648, 33, 582, -84, 180, -201
51749, -18, 468, -61, 150, -190
51850, -69, 354, -38, 125, -177
51951, -120, 240, -15, 100, -162
52052, -105, 210, -13, 80, -145
52154, -90, 180, -11, 60, -127
52255, -75, 150, -9, 45, -109
52356, -60, 120, -8, 30, -92
52457, -45, 90, -6, 20, -76
52558, -30, 60, -4, 10, -61
52659, 0, 0, 0, 0, -48
52760, -15, 93, -1, 10, -35
52861, -30, 186, -1, 20, -24
Emergency stop command received!
Ready for new commands (Type 'l' to start cycle).
